1 120.06590653484 123.688643009131 116.44317006055
1.14141414141414 117.203549166258 120.660916861341 113.746181471174
1.28282828282828 114.409430067321 117.70951590968 111.109344224962
1.42424242424242 111.681922445551 114.832621439279 108.531223451822
1.56565656565657 109.019438291011 112.028460718829 106.010415863193
1.70707070707071 106.420427451739 109.295305189862 103.545549713616
1.84848484848485 103.883376731218 106.631468536792 101.135284925644
1.98989898989899 101.406809007361 104.035304625952 98.778313388769
2.13131313131313 98.9892823724998 101.505205307181 96.4733594378188
2.27272727272727 96.6293892938811 99.0395980793411 94.2191805084211
2.41414141414141 94.3257557941688 96.6369436318004 92.0145679565371
2.55555555555556 92.077040651488 94.2957332873588 89.8583480156173
2.6969696969697 89.8819346185394 92.0144863880259 87.7493828490529
2.83838383838384 87.7391596603276 89.7917476824456 85.6865716382095
2.97979797979798 85.6474682100646 87.6260847911417 83.6688516289876
3.12121212121212 83.6056424428107 85.5160858408887 81.6951990447326
3.26262626262626 81.6124935664322 83.4603573698195 79.7646297630448
3.4040404040404 79.6668611294631 81.4575226075959 77.8761996513302
3.54545454545455 77.7676123454661 79.506220227803 76.0290044631293
3.68686868686869 75.9136414335026 77.6051036513673 74.2221792156378
3.82828282828283 74.1038689743233 75.7528409505155 72.4548969981312
3.96969696969697 72.3372412819101 73.9481153647311 70.7263671990892
4.11111111111111 70.6127297899976 72.1896263972508 69.0358331827444
4.25252525252525 68.9293304532217 70.4760914180495 67.382569488394
4.39393939393939 67.2860631625441 68.8062476624891 65.7658786625991
4.53535353535353 65.6819711746129 67.1788544886038 64.185087860622
4.67676767676768 64.1161205547274 65.5926957434357 62.6395453660191
4.81818181818182 62.5875996330825 64.0465820907786 61.1286171753863
4.95959595959596 61.0955184739761 62.5393531677362 59.651683780216
5.1010101010101 59.6390083576707 61.0698794625277 58.2081372528137
5.24242424242424 58.2172212746072 59.6370638368408 56.7973787123736
5.38383838383838 56.8293294316765 58.2398426485116 55.4188162148413
5.52525252525253 55.4745247702618 56.8771864607511 54.0718630797725
5.66666666666667 54.1520184957707 55.5481003499202 52.7559366416212
5.80808080808081 52.8610406183828 54.2516238435554 51.4704573932103
5.94949494949495 51.6008395047463 52.9868305335759 50.2148484759167
6.09090909090909 50.3706814403618 51.7528274168314 48.9885354638923
6.23232323232323 49.1698502023991 50.5487540173275 47.7909463874706
6.37373737373737 47.9976466426974 49.3737813428005 46.6215119425943
6.51515151515151 46.8533882807077 48.2271107239996 45.4796658374158
6.65656565656566 45.7364089061387 47.1079725791636 44.3648452331137
6.7979797979798 44.6460581910752 46.0156251396016 43.2764912425489
6.93939393939394 43.581701311345 44.9493531656661 42.214049457024
7.08080808080808 42.5427185769107 43.9084666761642 41.1769704776573
7.22222222222222 41.528505071074 42.8922997086553 40.1647104334928
7.36363636363636 40.5384702982809 41.9002091232559 39.176731473306
7.50505050505051 39.5720378403234 40.9315734585401 38.2125022221068
7.64646464646465 38.6286450207372 39.9857918448544 37.2714981966199
7.78787878787879 37.7077425771997 39.0622829777881 36.3532021766113
7.92929292929293 36.8087943417391 38.1604841525605 35.4571045309177
8.07070707070707 35.9312769285661 37.2798503586167 34.5827034985155
8.21212121212121 35.0746794293482 36.4198534326651 33.7295054260314
8.35353535353535 34.2385031157488 35.5799812676705 32.8970249638272
8.49494949494949 33.4222611490572 34.7597370748518 32.0847852232626
8.63636363636364 32.6254782967415 33.9586386954755 31.2923178980075
8.77777777777778 31.8476906557585 33.1762179591247 30.5191633523923
8.91919191919192 31.0884453824602 32.4120200851247 29.7648706797957
9.06060606060606 30.3473004289388 31.6656031238837 29.0289977339939
9.2020202020202 29.6238242856578 30.936537435039 28.3111111362765
9.34343434343434 28.9175957302181 30.2244051994647 27.6107862609715
9.48484848484848 28.2282035821143 29.528799962382 26.9276072018465
9.62626262626263 27.5552464633366 28.8493262050084 26.2611667216648
9.76767676767677 26.8983325646807 28.1855989423747 25.6110661869868
9.90909090909091 26.2570794176289 27.5372433451364 24.9769154901213
10.0505050505051 25.6311136716683 26.9038943833824 24.3583329599542
10.1919191919192 25.0200708769196 26.2851964906254 23.7549452632138
10.3333333333333 24.4235952719465 25.6808032463169 23.1663872975761
10.4747474747475 23.8413395766242 25.0903770753819 22.5923020778666
10.6161616161616 23.2729647899463 24.5135889634095 22.0323406164831
10.7575757575758 22.718139992651 23.9501181862596 21.4861617990424
10.8989898989899 22.1765421545537 23.3996520529652 20.9534322561422
11.040404040404 21.6478559464722 22.8618856609143 20.4338262320301
11.1818181818182 21.1317735566355 22.3365216623898 19.9270254508812
11.3232323232323 20.62799451147 21.823270041635 19.432718981305
11.4646464646465 20.1362255006571 21.3218479016866 18.9506030996276
11.6060606060606 19.6561802063626 20.8319792602921 18.4803811524332
11.7474747474747 19.1875791365365 20.3533948542862 18.0217634187867
11.8888888888889 18.7301494621868 19.8858319518631 17.5744669725105
12.030303030303 18.2836248585335 19.4290341722284 17.1382155448385
12.1717171717172 17.8477453499484 18.9827513121638 16.712739387733
12.3131313131313 17.4222571585925 18.5467391790761 16.2977751381089
12.4545454545455 17.0069125566611 18.1207594301419 15.8930656831804
12.5959595959596 16.6014697221519 17.7045794171906 15.4983600271133
12.7373737373737 16.2056925980712 17.2979720370003 15.1134131591421
12.8787878787879 15.8193507549967 16.9007155867065 14.737985923287
13.020202020202 15.4422192569172 16.5125936240495 14.3718448897849
13.1616161616162 15.0740785302699 16.1333948322076 14.0147622283321
13.3030303030303 14.7147142361004 15.7629128889826 13.6665155832182
13.4444444444444 14.3639171452703 15.4009463401235 13.3268879504172
13.5858585858586 14.0214830166399 15.0472984765893 12.9956675566906
13.7272727272727 13.6872124781546 14.7017772155661 12.672647740743
13.8686868686869 13.3609109107663 14.364194985069 12.3576268364637
14.010101010101 13.0423883351232 14.0343686119693 12.050408058277
14.1515151515152 12.7314593009587 13.712119213299 11.7507993886184
14.2929292929293 12.4279427791196 13.3972720906955 11.4586134675438
14.4343434343434 12.1316620561667 13.089656627857 11.1736674844765
14.5757575757576 11.8424446314888 12.7891061908893 10.8957830720884
14.7171717171717 11.5601221168694 12.4954580314292 10.6247862023096
14.8585858585859 11.2845301384477 12.2085531924407 10.3605070844546
15 11.0155082410166 11.9282364165819 10.1027800654513
