1 120.06590653484
1.14141414141414 117.203549166258
1.28282828282828 114.409430067321
1.42424242424242 111.681922445551
1.56565656565657 109.019438291011
1.70707070707071 106.420427451739
1.84848484848485 103.883376731218
1.98989898989899 101.406809007361
2.13131313131313 98.9892823724998
2.27272727272727 96.6293892938811
2.41414141414141 94.3257557941688
2.55555555555556 92.077040651488
2.6969696969697 89.8819346185394
2.83838383838384 87.7391596603276
2.97979797979798 85.6474682100646
3.12121212121212 83.6056424428107
3.26262626262626 81.6124935664322
3.4040404040404 79.6668611294631
3.54545454545455 77.7676123454661
3.68686868686869 75.9136414335026
3.82828282828283 74.1038689743233
3.96969696969697 72.3372412819101
4.11111111111111 70.6127297899976
4.25252525252525 68.9293304532217
4.39393939393939 67.2860631625441
4.53535353535353 65.6819711746129
4.67676767676768 64.1161205547274
4.81818181818182 62.5875996330825
4.95959595959596 61.0955184739761
5.1010101010101 59.6390083576707
5.24242424242424 58.2172212746072
5.38383838383838 56.8293294316765
5.52525252525253 55.4745247702618
5.66666666666667 54.1520184957707
5.80808080808081 52.8610406183828
5.94949494949495 51.6008395047463
6.09090909090909 50.3706814403618
6.23232323232323 49.1698502023991
6.37373737373737 47.9976466426974
6.51515151515151 46.8533882807077
6.65656565656566 45.7364089061387
6.7979797979798 44.6460581910752
6.93939393939394 43.581701311345
7.08080808080808 42.5427185769107
7.22222222222222 41.528505071074
7.36363636363636 40.5384702982809
7.50505050505051 39.5720378403234
7.64646464646465 38.6286450207372
7.78787878787879 37.7077425771997
7.92929292929293 36.8087943417391
8.07070707070707 35.9312769285661
8.21212121212121 35.0746794293482
8.35353535353535 34.2385031157488
8.49494949494949 33.4222611490572
8.63636363636364 32.6254782967415
8.77777777777778 31.8476906557585
8.91919191919192 31.0884453824602
9.06060606060606 30.3473004289388
9.2020202020202 29.6238242856578
9.34343434343434 28.9175957302181
9.48484848484848 28.2282035821143
9.62626262626263 27.5552464633366
9.76767676767677 26.8983325646807
9.90909090909091 26.2570794176289
10.0505050505051 25.6311136716683
10.1919191919192 25.0200708769196
10.3333333333333 24.4235952719465
10.4747474747475 23.8413395766242
10.6161616161616 23.2729647899463
10.7575757575758 22.718139992651
10.8989898989899 22.1765421545537
11.040404040404 21.6478559464722
11.1818181818182 21.1317735566355
11.3232323232323 20.62799451147
11.4646464646465 20.1362255006571
11.6060606060606 19.6561802063626
11.7474747474747 19.1875791365365
11.8888888888889 18.7301494621868
12.030303030303 18.2836248585335
12.1717171717172 17.8477453499484
12.3131313131313 17.4222571585925
12.4545454545455 17.0069125566611
12.5959595959596 16.6014697221519
12.7373737373737 16.2056925980712
12.8787878787879 15.8193507549967
13.020202020202 15.4422192569172
13.1616161616162 15.0740785302699
13.3030303030303 14.7147142361004
13.4444444444444 14.3639171452703
13.5858585858586 14.0214830166399
13.7272727272727 13.6872124781546
13.8686868686869 13.3609109107663
14.010101010101 13.0423883351232
14.1515151515152 12.7314593009587
14.2929292929293 12.4279427791196
14.4343434343434 12.1316620561667
14.5757575757576 11.8424446314888
14.7171717171717 11.5601221168694
14.8585858585859 11.2845301384477
15 11.0155082410166
