-3 -0.999977894851102
-2.875 -0.999952120464865
-2.75 -0.999899338666567
-2.625 -0.999794564994445
-2.5 -0.999592964536606
-2.375 -0.999216952820867
-2.25 -0.99853715334125
-2.125 -0.99734583210427
-2 -0.995322139581219
-1.875 -0.99198997276661
-1.75 -0.986671652155294
-1.625 -0.978443791119842
-1.5 -0.966105266402972
-1.375 -0.948170209967293
-1.25 -0.922900219942947
-1.125 -0.888388226979099
-1 -0.84270068974759
-0.875 -0.784074925009414
-0.75 -0.711155569636656
-0.625 -0.623240952417462
-0.5 -0.520500016304747
-0.375 -0.40411694412452
-0.25 -0.276326261353527
-0.125 -0.140316192477912
0 9.99999971718069E-10
0.125 0.140316192477912
0.25 0.276326261353527
0.375 0.40411694412452
0.5 0.520500016304747
0.625 0.623240952417462
0.75 0.711155569636656
0.875 0.784074925009414
1 0.84270068974759
1.125 0.888388226979099
1.25 0.922900219942947
1.375 0.948170209967293
1.5 0.966105266402972
1.625 0.978443791119842
1.75 0.986671652155294
1.875 0.99198997276661
2 0.995322139581219
2.125 0.99734583210427
2.25 0.99853715334125
2.375 0.999216952820867
2.5 0.999592964536606
2.625 0.999794564994445
2.75 0.999899338666567
2.875 0.999952120464865
3 0.999977894851102


-4.9921875 -1.0810820487861
-4.9765625 -0.37037741679138
-4.9609375 -0.228577125236531
-4.9453125 -0.168063068579384
-4.9296875 -0.134656362612041
-4.9140625 -0.113581753945727
-4.8984375 -0.099157196199394
-4.8828125 -0.0887317712993372
-4.8671875 -0.0809027311775578
-4.8515625 -0.0748586244788091
-4.8359375 -0.0700977856603584
-4.8203125 -0.0662937057908394
-4.8046875 -0.0632250321092527
-4.7890625 -0.060736686008373
-4.7734375 -0.0587170777008585
-4.7578125 -0.0570841491308709
-4.7421875 -0.0557765009495775
-4.7265625 -0.0547475711843451
-4.7109375 -0.0539617123044674
-4.6953125 -0.0533914867737396
-4.6796875 -0.0530157667862675
-4.6640625 -0.052818378359792
-4.6484375 -0.0527871227135813
-4.6328125 -0.0529130651673216
-4.6171875 -0.0531900181492086
-4.6015625 -0.0536141685380386
-4.5859375 -0.0541838153131187
-4.5703125 -0.0548991942524757
-4.5546875 -0.0557623739990723
-4.5390625 -0.0567772133465449
-4.5234375 -0.0579493738281679
-4.5078125 -0.0592863851370487
-4.4921875 -0.060797763934054
-4.4765625 -0.0624951895079358
-4.4609375 -0.0643927428026902
-4.4453125 -0.0665072187875055
-4.4296875 -0.0688585263209735
-4.4140625 -0.0714701949390399
-4.3984375 -0.0743700148929991
-4.3828125 -0.0775908460048267
-4.3671875 -0.0811716435386024
-4.3515625 -0.0851587668531242
-4.3359375 -0.08960766142636
-4.3203125 -0.0945850404911237
-4.3046875 -0.100171744561558
-4.2890625 -0.106466534436571
-4.2734375 -0.113591190288703
-4.2578125 -0.121697470264889
-4.2421875 -0.130976767805526
-4.2265625 -0.141673770024331
-4.2109375 -0.154106191364202
-4.1953125 -0.168693984347823
-4.1796875 -0.186003795824424
-4.1640625 -0.206818832183628
-4.1484375 -0.232252855816528
-4.1328125 -0.263944656173287
-4.1171875 -0.304408105112361
-4.1015625 -0.357705349056634
-4.0859375 -0.430854403359649
-4.0703125 -0.537113552950598
-4.0546875 -0.704896172853362
-4.0390625 -1.00808114601367
-4.0234375 -1.71756500277983
-4.0078125 -5.27143989784951
-3.9921875 5.39696429042439
-3.9765625 1.84320636325085
-3.9609375 1.1339568322281
-3.9453125 0.831124393833984
-3.9296875 0.663813787564045
-3.9140625 0.558147837748926
-3.8984375 0.485715328257969
-3.8828125 0.433260602047545
-3.8671875 0.39376876190327
-3.8515625 0.363181295322972
-3.8359375 0.33898851034189
-3.8203125 0.319556378694905
-3.8046875 0.303776521462425
-3.7890625 0.290871785336974
-3.7734375 0.280282300587692
-3.7578125 0.271595678286722
-3.7421875 0.264502625596825
-3.7265625 0.258767816926006
-3.7109375 0.254210254059327
-3.6953125 0.250689715242324
-3.6796875 0.248097221132611
-3.6640625 0.246348217818717
-3.6484375 0.245377640738913
-3.6328125 0.245136309720482
-3.6171875 0.245588286923299
-3.6015625 0.246708947413318
-3.5859375 0.248483590537505
-3.5703125 0.250906473732018
-3.5546875 0.253980187823899
-3.5390625 0.257715319955801
-3.5234375 0.262130370675853
-3.5078125 0.267251908000602
-3.4921875 0.273114955172508
-3.4765625 0.279763621781619
-3.4609375 0.287252001096376
-3.4453125 0.295645371016333
-3.4296875 0.305021753312437
-3.4140625 0.315473907348106
-3.3984375 0.327111862380926
-3.3828125 0.340066129755529
-3.3671875 0.35449178701624
-3.3515625 0.370573696384298
-3.3359375 0.388533219465858
-3.3203125 0.408636932746808
-3.3046875 0.43120805666733
-3.2890625 0.456641620356857
-3.2734375 0.48542485224938
-3.2578125 0.518165010112224
-3.2421875 0.555628007175006
-3.2265625 0.598793043618461
-3.2109375 0.648931540197694
-3.1953125 0.707723981209227
-3.1796875 0.777437740359899
-3.1640625 0.861206543389638
-3.1484375 0.963486456551378
-3.1328125 1.09083377434116
-3.1171875 1.2533052452673
-3.1015625 1.4671508457401
-3.0859375 1.76044416372731
-3.0703125 2.18622000849423
-3.0546875 2.85813370086636
-3.0390625 4.07170275382083
-3.0234375 6.91051544087195
-3.0078125 21.1269427155999
-2.9921875 -21.5456933781787
-2.9765625 -7.32962530386473
-2.9609375 -4.49153214015351
-2.9453125 -3.27904546004814
-2.9296875 -2.60858074331808
-2.9140625 -2.18462552118916
-2.8984375 -1.89353085000568
-2.8828125 -1.68226968138773
-2.8671875 -1.5227776339228
-2.8515625 -1.39881545776739
-2.8359375 -1.30033873888959
-2.8203125 -1.22080522798288
-2.8046875 -1.15577473400157
-2.7890625 -1.10213137412838
-2.7734375 -1.05762774362387
-2.7578125 -1.02060563481182
-2.7421875 -0.989818419225617
-2.7265625 -0.96431444276332
-2.7109375 -0.943358364673284
-2.6953125 -0.926376838356402
-2.6796875 -0.912920243386406
-2.6640625 -0.902635266851393
-2.6484375 -0.895244986133378
-2.6328125 -0.890534250156439
-2.6171875 -0.888338881605372
-2.6015625 -0.88853769341828
-2.5859375 -0.891046625443085
-2.5703125 -0.895814519496345
-2.5546875 -0.902820198905268
-2.5390625 -0.912070624531079
-2.5234375 -0.923599977928202
-2.5078125 -0.937469583533363
-2.4921875 -0.953768632516493
-2.4765625 -0.97261571635016
-2.4609375 -0.994161222544487
-2.4453125 -1.01859069232971
-2.4296875 -1.04612929456375
-2.4140625 -1.07704763680564
-2.3984375 -1.11166921981018
-2.3828125 -1.15037995456363
-2.3671875 -1.19364031409375
-2.3515625 -1.242000904288
-2.3359375 -1.29612253681189
-2.3203125 -1.35680231576089
-2.3046875 -1.42500787476782
-2.2890625 -1.50192282945497
-2.2734375 -1.58900791478508
-2.2578125 -1.68808444700623
-2.2421875 -1.80145017951271
-2.2265625 -1.93204317980019
-2.2109375 -2.08367861735353
-2.1953125 -2.26139928370761
-2.1796875 -2.47200906505062
-2.1640625 -2.72491132869377
-2.1484375 -3.03347689054847
-2.1328125 -3.41737768367817
-2.1171875 -3.90678744423166
-2.1015625 -4.55046004499078
-2.0859375 -5.43262066150225
-2.0703125 -6.71237861982993
-2.0546875 -8.73070528936521
-2.0390625 -12.3741591502837
-2.0234375 -20.8935115282615
-2.0078125 -63.5458823867673
-1.9921875 64.4687544050218
-1.9765625 21.8170878185352
-1.9609375 13.2991459462359
-1.9453125 9.65781358154805
-1.9296875 7.6423263964397
-1.9140625 6.36613530784028
-1.8984375 5.48828082306333
-1.8828125 4.84966806587558
-1.8671875 4.36608899726302
-1.8515625 3.98880970378981
-1.8359375 3.6876793923197
-1.8203125 3.44305224454548
-1.8046875 3.24158694927003
-1.7890625 3.07391328565493
-1.7734375 2.93326444520683
-1.7578125 2.81463897725448
-1.7421875 2.71426769647025
-1.7265625 2.62926359784687
-1.7109375 2.55738556673148
-1.6953125 2.49687507213249
-1.6796875 2.44634096469951
-1.6640625 2.40467676559629
-1.6484375 2.37100039296262
-1.6328125 2.34460970549
-1.6171875 2.32494941670156
-1.6015625 2.31158634303349
-1.5859375 2.30419088298173
-1.5703125 2.30252325714295
-1.5546875 2.3064234768908
-1.5390625 2.31580432009844
-1.5234375 2.3306468193032
-1.5078125 2.35099793995476
-1.4921875 2.3769702638497
-1.4765625 2.40874361002344
-1.4609375 2.44656863360557
-1.4453125 2.49077255233749
-1.4296875 2.54176727038536
-1.4140625 2.60006031072612
-1.3984375 2.66626914438847
-1.3828125 2.74113973548364
-1.3671875 2.82557043101879
-1.3515625 2.92064275148975
-1.3359375 3.02766123833401
-1.3203125 3.14820537328893
-1.3046875 3.28419783637895
-1.2890625 3.43799522679928
-1.2734375 3.61251018126921
-1.2578125 3.81137816550626
-1.2421875 4.03918907437616
-1.2265625 4.30181489252386
-1.2109375 4.60688319305507
-1.1953125 4.96447811501436
-1.1796875 5.38820725897752
-1.1640625 5.89687842225136
-1.1484375 6.51723550703773
-1.1328125 7.28862584096984
-1.1171875 8.2714015420842
-1.1015625 9.56307618830093
-1.0859375 11.3321071611024
-1.0703125 13.8967213613667
-1.0546875 17.9388710242426
-1.0390625 25.2316838923752
-1.0234375 42.2767147329663
-1.0078125 127.588216979681
-0.9921875 -128.433846666255
-0.9765625 -43.1228376413232
-0.9609375 -26.0787940039469
-0.9453125 -18.7874654828552
-0.9296875 -14.7473017181298
-0.9140625 -12.185180862663
-0.8984375 -10.4191581250343
-0.8828125 -9.13101565528135
-0.8671875 -8.15230679957706
-0.8515625 -7.38553046717331
-0.8359375 -6.77034888433695
-0.8203125 -6.26743103889919
-0.8046875 -5.85005144751076
-0.7890625 -5.49942298761703
-0.7734375 -5.20196116454648
-0.7578125 -4.94760757720513
-0.7421875 -4.72876325244426
-0.7265625 -4.53958793065748
-0.7109375 -4.37552686807964
-0.6953125 -4.23298352072461
-0.6796875 -4.10908833914371
-0.6640625 -4.00153243025008
-0.6484375 -3.90844596027432
-0.6328125 -3.82830803474539
-0.6171875 -3.75987913482205
-0.6015625 -3.70215000251458
-0.5859375 -3.65430272847883
-0.5703125 -3.61568105223229
-0.5546875 -3.58576774922867
-0.5390625 -3.56416758640151
-0.5234375 -3.55059476378221
-0.5078125 -3.54486408133804
-0.4921875 -3.54688531558822
-0.4765625 -3.55666048667524
-0.4609375 -3.57428386315814
-0.4453125 -3.59994470455028
-0.4296875 -3.63393289437907
-0.4140625 -3.67664778313615
-0.3984375 -3.72861075660575
-0.3828125 -3.79048229047347
-0.3671875 -3.8630845736585
-0.3515625 -3.94743121881036
-0.3359375 -4.04476618558685
-0.3203125 -4.15661490692054
-0.3046875 -4.28485186465067
-0.2890625 -4.43179072204594
-0.2734375 -4.60030593396001
-0.2578125 -4.79399909880084
-0.2421875 -5.01743017832664
-0.2265625 -5.27644482911129
-0.2109375 -5.57864761659013
-0.1953125 -5.9341027468531
-0.1796875 -6.35640075082504
-0.1640625 -6.86433503840198
-0.1484375 -7.48463765261365
-0.1328125 -8.25664646047365
-0.1171875 -9.24070641029719
-0.1015625 -10.5343261136752
-0.0859375 -12.3059601202596
-0.0703125 -14.8738345820877
-0.0546875 -18.9199030333809
-0.0390625 -26.2172965444211
-0.0234375 -43.2675752345203
-0.0078125 -128.584999924833
0.0078125 127.430455023971
0.0234375 42.1121454038409
0.0390625 25.0600906796361
0.0546875 17.760025657726
0.0703125 13.7103818299608
0.0859375 11.1380166908766
0.1015625 9.36096221742979
0.1171875 8.06097462021603
0.1328125 7.0695784319952
0.1484375 6.28924068121608
0.1640625 5.65958842416972
0.1796875 5.14125193673552
0.1953125 4.70746319430631
0.2109375 4.33938837766031
0.2265625 4.02339177014862
0.2421875 3.74935880376702
0.2578125 3.5096289172152
0.2734375 3.29829430029221
0.2890625 3.11072608041863
0.3046875 2.94324630476761
0.3203125 2.79289593359865
0.3359375 2.65726758486745
0.3515625 2.53438288486635
0.3671875 2.42260113764215
0.3828125 2.32055036466285
0.3984375 2.22707457361389
0.4140625 2.14119296914894
0.4296875 2.06206806561962
0.4453125 1.98898051515153
0.4609375 1.9213090574348
0.4765625 1.85851441561193
0.4921875 1.80012626122723
0.5078125 1.74573258709766
0.5234375 1.69497098485862
0.5390625 1.64752144064035
0.5546875 1.60310034944686
0.5703125 1.56145551444307
0.5859375 1.52236194723786
0.6015625 1.48561832347082
0.6171875 1.45104397752257
0.6328125 1.41847634312103
0.6484375 1.38776876459155
0.6640625 1.35878861766676
0.6796875 1.3314156900088
0.6953125 1.30554078056006
0.7109375 1.28106448402976
0.7265625 1.25789613262169
0.7421875 1.23595287180877
0.7578125 1.21515885078716
0.7734375 1.19544451137469
0.7890625 1.17674596169121
0.8046875 1.15900442308214
0.8203125 1.1421657405059
0.8359375 1.12617994806935
0.8515625 1.11100088261645
0.8671875 1.0965858392997
0.8828125 1.08289526392316
0.8984375 1.0698924775726
0.9140625 1.05754342966145
0.9296875 1.04581647604255
0.9453125 1.03468217927954
0.9609375 1.02411312854962
0.9765625 1.01408377697391
0.9921875 1.00457029444968
1.0078125 0.995550429874774
1.0234375 0.98700340790252
1.0390625 0.978909792173285
1.0546875 0.97125140315689
1.0703125 0.964011222419121
1.0859375 0.957173309372212
1.1015625 0.950722725207713
1.1171875 0.944645463306566
1.1328125 0.938928385499363
1.1484375 0.933559163618011
1.1640625 0.928526225840345
1.1796875 0.923818707382164
1.1953125 0.919426405137951
1.2109375 0.915339735912721
1.2265625 0.911549697924297
1.2421875 0.908047835287325
1.2578125 0.904826205219544
1.2734375 0.901877347736151
1.2890625 0.89919425762101
1.3046875 0.89677035848388
1.3203125 0.894599478730817
1.3359375 0.89267582929141
1.3515625 0.890993982960827
1.3671875 0.889548855227976
1.3828125 0.888335686472498
1.3984375 0.887350025424286
1.4140625 0.886587713788234
1.4296875 0.886044871945929
1.4453125 0.885717885653414
1.4609375 0.885603393661353
1.4765625 0.885698276190062
1.4921875 0.885999644197776
1.5078125 0.886504829385533
1.5234375 0.887211374886934
1.5390625 0.888117026595191
1.5546875 0.889219725083803
1.5703125 0.890517598080812
1.5859375 0.892008953459681
1.6015625 0.893692272712916
1.6171875 0.895566204877211
1.6328125 0.897629560881278
1.6484375 0.899881308289831
1.6640625 0.902320566419335
1.6796875 0.90494660180286
1.6953125 0.907758823983168
1.7109375 0.910756781614909
1.7265625 0.913940158857949
1.7421875 0.917308772045573
1.7578125 0.920862566612141
1.7734375 0.924601614266365
1.7890625 0.928526110396972
1.8046875 0.932636371698908
1.8203125 0.936932834008748
1.8359375 0.941416050339219
1.8515625 0.946086689103073
1.8671875 0.950945532517709
1.8828125 0.955993475182162
1.8984375 0.961231522819137
1.9140625 0.966660791174917
1.9296875 0.972282505070806
1.9453125 0.978097997600192
1.9609375 0.984108709465648
1.9765625 0.990316188451081
1.9921875 0.996722089024292
2.0078125 1.00332816760817
2.0234375 1.01013630027524
2.0390625 1.01714845593005
2.0546875 1.02436671426703
2.0703125 1.03179326149547
2.0859375 1.03943039064639
2.1015625 1.04728050198662
2.1171875 1.0553461035378
2.1328125 1.0636298116985
2.1484375 1.07213435196756
2.1640625 1.08086255976728
2.1796875 1.0898173813649
2.1953125 1.09900187489146
2.2109375 1.10841921145681
2.2265625 1.11807267636027
2.2421875 1.12796567039597
2.2578125 1.13810171125271
2.2734375 1.14848443500775
2.2890625 1.15911759771458
2.3046875 1.17000507708444
2.3203125 1.18115087426178
2.3359375 1.19255911569399
2.3515625 1.20423405509549
2.3671875 1.216180075507
2.3828125 1.22840169145025
2.3984375 1.24090355117928
2.4140625 1.25369043902867
2.4296875 1.2667672778602
2.4453125 1.28013913160845
2.4609375 1.29381120792713
2.4765625 1.30778886093689
2.4921875 1.32207759407637
2.5078125 1.33668306305787
2.5234375 1.35161107892931
2.5390625 1.36686761124416
2.5546875 1.38245879134123
2.5703125 1.39839091573628
2.5859375 1.41467044962746
2.6015625 1.43130403051678
2.6171875 1.44829847194986
2.6328125 1.46566076737646
2.6484375 1.48339809413402
2.6640625 1.50151781755717
2.6796875 1.52002749521574
2.6953125 1.53893488128396
2.7109375 1.55824793104426
2.7265625 1.57797480552818
2.7421875 1.59812387629815
2.7578125 1.6187037303729
2.7734375 1.63972317530051
2.7890625 1.66119124438208
2.8046875 1.68311720205037
2.8203125 1.70551054940655
2.8359375 1.72838102991966
2.8515625 1.75173863529241
2.8671875 1.77559361149791
2.8828125 1.79995646499141
2.8984375 1.82483796910195
2.9140625 1.85024917060824
2.9296875 1.87620139650382
2.9453125 1.90270626095662
2.9609375 1.92977567246779
2.9765625 1.95742184123534
2.9921875 1.98565728672808
3.0078125 2.01449483652578
3.0234375 2.04394767008817
3.0390625 2.07402927341988
3.0546875 2.10475348322054
3.0703125 2.13613448668983
3.0859375 2.16818683048895
3.1015625 2.20092542995626
3.1171875 2.23436557858395
3.1328125 2.2685229577632
3.1484375 2.3034136468053
3.1640625 2.33905413324637
3.1796875 2.3754613234438
3.1953125 2.41265255347265
3.2109375 2.45064560033029
3.2265625 2.48945869345842
3.2421875 2.52911052659097
3.2578125 2.56962026993776
3.2734375 2.61100758271294
3.2890625 2.65329262601854
3.3046875 2.69649607609304
3.3203125 2.74063913793554
3.3359375 2.78574355931644
3.3515625 2.8318316451855
3.3671875 2.87892627248922
3.3828125 2.9270509054088
3.3984375 2.97622961103154
3.4140625 3.02648707546766
3.4296875 3.07784862042594
3.4453125 3.13034022026129
3.4609375 3.18398851950818
3.4765625 3.23882085091401
3.4921875 3.2948652539872
3.5078125 3.35215049407482
3.5234375 3.41070608198569
3.5390625 3.47056229417463
3.5546875 3.53175019350454
3.5703125 3.5943016506034
3.5859375 3.65824936583352
3.6015625 3.72362689189131
3.6171875 3.79046865705629
3.6328125 3.85880998910834
3.6484375 3.92868713993306
3.6640625 4.00013731083591
3.6796875 4.07319867858593
3.6953125 4.14791042221068
3.7109375 4.22431275056529
3.7265625 4.30244693069792
3.7421875 4.38235531703633
3.7578125 4.46408138141903
3.7734375 4.5476697439975
3.7890625 4.6331662050344
3.8046875 4.72061777762566
3.8203125 4.81007272137316
3.8359375 4.90158057703779
3.8515625 4.99519220220101
3.8671875 5.09095980796666
3.8828125 5.18893699673306
3.8984375 5.28917880106895
3.9140625 5.39174172372557
3.9296875 5.49668377881979
3.9453125 5.60406453422381
3.9609375 5.71394515519761
3.9765625 5.82638844930206
3.9921875 5.94145891263168
4.0078125 6.0592227504877
4.0234375 6.17974803378221
4.0390625 6.30310458875259
4.0546875 6.42936415577525
4.0703125 6.55860041616487
4.0859375 6.69088904721198
4.1015625 6.82630777884871
4.1171875 6.96493645199214
4.1328125 7.10685707861753
4.1484375 7.25215390361358
4.1640625 7.40091346847485
4.1796875 7.5532246768877
4.1953125 7.70917886226808
4.2109375 7.86886985731054
4.2265625 8.03239406561192
4.2421875 8.19985053543167
4.2578125 8.37134103565659
4.2734375 8.5469701340369
4.2890625 8.7268452777641
4.3046875 8.91107687646372
4.3203125 9.0997783876766
4.3359375 9.29306640490717
4.3515625 9.49106074831701
4.3671875 9.6938845581473
4.3828125 9.90166439095321
4.3984375 10.11453031874
4.4140625 10.3326160310888
4.4296875 10.5560589403671
4.4453125 10.785000290119
4.4609375 11.0195852667353
4.4765625 11.2599631145058
4.4921875 11.5062872541584
4.5078125 11.7587154049968
4.5234375 12.0174097107465
4.5390625 12.2825368692274
4.5546875 12.5542682659732
4.5703125 12.8327801119199
4.5859375 13.1182535852936
4.6015625 13.4108749778273
4.6171875 13.7108358454458
4.6328125 14.0183331635576
4.6484375 14.3335694870995
4.6640625 14.6567531154847
4.6796875 14.9880982626092
4.6953125 15.3278252320754
4.7109375 15.6761605978009
4.7265625 16.033337390179
4.7421875 16.3995952879719
4.7578125 16.7751808161137
4.7734375 17.1603475496156
4.7890625 17.5553563237632
4.8046875 17.9604754508101
4.8203125 18.3759809433709
4.8359375 18.8021567447309
4.8515625 19.2392949662898
4.8671875 19.6876961323711
4.8828125 20.1476694326276
4.8984375 20.6195329822922
4.9140625 21.1036140905196
4.9296875 21.6002495370809
4.9453125 22.1097858576799
4.9609375 22.6325796381655
4.9765625 23.1689978179277
4.9921875 23.7194180027718


0.015625 4.15006336281286
0.03125 3.44848911704994
0.046875 3.03498097008888
0.0625 2.73963161138143
0.078125 2.50918857772702
0.09375 2.3199277010192
0.109375 2.15919051277131
0.125 2.01941834734442
0.140625 1.89573345923467
0.15625 1.78480344331741
0.171875 1.68424978179977
0.1875 1.59231483071043
0.203125 1.50766255729333
0.21875 1.42925332982408
0.234375 1.35626200714692
0.25 1.28802251515743
0.265625 1.22398925299675
0.28125 1.16370954539721
0.296875 1.10680355136168
0.3125 1.05294933081101
0.328125 1.00187155716158
0.34375 0.953332856940169
0.359375 0.907127075027597
0.375 0.863073973346876
0.390625 0.821015011615264
0.40625 0.780809955348568
0.421875 0.742334123685059
0.4375 0.705476137352132
0.453125 0.670136061434348
0.46875 0.636223862617527
0.484375 0.603658119031139
0.5 0.572364934570578
0.515625 0.542277019950144
0.53125 0.513332910629305
0.546875 0.485476297814979
0.5625 0.458655453436564
0.578125 0.432822733654851
0.59375 0.407934148348516
0.609375 0.383948986304727
0.625 0.360829487661416
0.640625 0.338540556609152
0.65625 0.31704950854009
0.671875 0.296325846788364
0.6875 0.276341064887473
0.703125 0.257068470910832
0.71875 0.238483030989686
0.734375 0.220561229539696
0.75 0.203280944091058
0.765625 0.186621332920586
0.78125 0.170562733938789
0.796875 0.155086573498909
0.8125 0.140175283976298
0.828125 0.125812229119374
0.84375 0.111981636304248
0.859375 0.0986685349361789
0.875 0.0858587003364458
0.890625 0.0735386025349576
0.90625 0.0616953594592935
0.921875 0.0503166940717941
0.9375 0.0393908950588619
0.953125 0.0289067807222884
0.96875 0.0188536657623025
0.984375 0.00922133067655486
1 -1.09350976051914E-08
1.015625 -0.00881972054680919
1.03125 -0.0172467857497881
1.046875 -0.0252898246026789
1.0625 -0.032957110858347
1.078125 -0.0402565931985489
1.09375 -0.0471959131124192
1.109375 -0.0537824215330526
1.125 -0.0600231943354142
1.140625 -0.0659250467887834
1.15625 -0.0714945470482178
1.171875 -0.0767380287615267
1.1875 -0.0816616028612438
1.203125 -0.0862711686048002
1.21875 -0.0905724239203313
1.234375 -0.0945708751105424
1.25 -0.0982718459624626
1.265625 -0.101680486306708
1.28125 -0.104801780066295
1.296875 -0.107640552831553
1.3125 -0.110201478994666
1.328125 -0.112489088474667
1.34375 -0.114507773061187
1.359375 -0.116261792402925
1.375 -0.11775527966485
1.390625 -0.118992246876207
1.40625 -0.119976589989621
1.421875 -0.120712093670284
1.4375 -0.121202435832336
1.453125 -0.121451191938849
1.46875 -0.121461839079989
1.484375 -0.121237759843386
1.5 -0.120782245989367
1.515625 -0.120098501943048
1.53125 -0.119189648114205
1.546875 -0.118058724055279
1.5625 -0.116708691466998
1.578125 -0.115142437060597
1.59375 -0.113362775284771
1.609375 -0.111372450925298
1.625 -0.109174141584319
1.640625 -0.106770460046212
1.65625 -0.104163956536213
1.671875 -0.101357120877745
1.6875 -0.0983523845539377
1.703125 -0.0951521226785198
1.71875 -0.0917586558808909
1.734375 -0.0881742521099168
1.75 -0.0844011283607229
1.765625 -0.0804414523284588
1.78125 -0.0762973439927371
1.796875 -0.0719708771364376
1.8125 -0.0674640808019462
1.828125 -0.0627789406881757
1.84375 -0.0579174004911494
1.859375 -0.052881363191022
1.875 -0.0476726922880768
1.890625 -0.0422932129901641
1.90625 -0.036744713353959
1.921875 -0.0310289453821583
1.9375 -0.0251476260787092
1.953125 -0.0191024384640722
1.96875 -0.0128950325522778
1.984375 -0.0065270262915843
2 -1.09350976051914E-08
2.015625 0.00668446598915606
2.03125 0.0135248729169656
2.046875 0.0205197114286153
2.0625 0.0276675109580878
2.078125 0.0349668280390386
2.09375 0.042416245577268
2.109375 0.0500143721485909
2.125 0.0577598413209692
2.140625 0.0656513109999358
2.15625 0.0736874627962801
2.171875 0.0818670014151118
2.1875 0.0901886540654154
2.203125 0.0986511698892117
2.21875 0.107253319409589
2.234375 0.115993893996807
2.25 0.124871705351747
2.265625 0.133885585006059
2.28125 0.143034383838286
2.296875 0.152316971605373
2.3125 0.161732236488976
2.328125 0.171279084655978
2.34375 0.180956439832649
2.359375 0.190763242891986
2.375 0.200698451453684
2.390625 0.210761039496261
2.40625 0.220949996980972
2.421875 0.231264329486894
2.4375 0.241703057857033
2.453125 0.252265217854735
2.46875 0.262949859830343
2.484375 0.273756048397483
2.5 0.284682862118797
2.515625 0.295729393200663
2.53125 0.306894747196695
2.546875 0.318178042719639
2.5625 0.329578411161422
2.578125 0.341094996420991
2.59375 0.352726954639829
2.609375 0.364473453944666
2.625 0.376333674197382
2.640625 0.38830680675164
2.65625 0.400392054216182
2.671875 0.412588630224489
2.6875 0.42489575921061
2.703125 0.437312676190952
2.71875 0.449838626551853
2.734375 0.462472865842745
2.75 0.4752146595747
2.765625 0.48806328302421
2.78125 0.501018021042086
2.796875 0.514078167867141
2.8125 0.527243026944747
2.828125 0.540511910749909
2.84375 0.553884140614844
2.859375 0.567359046560836
2.875 0.580935967134297
2.890625 0.594614249246905
2.90625 0.608393248019626
2.921875 0.622272326630587
2.9375 0.636250856166656
2.953125 0.650328215478557
2.96875 0.664503791039528
2.984375 0.678776976807335
3 0.693147169624848
3.015625 0.707613786991156
3.03125 0.722176240012876
3.046875 0.736833951270095
3.0625 0.751586350184787
3.078125 0.76643287290112
3.09375 0.781372962168507
3.109375 0.796406067227349
3.125 0.811531643697349
3.140625 0.826749153468389
3.15625 0.842058064593813
3.171875 0.857457851186132
3.1875 0.872947993315048
3.203125 0.888527976907708
3.21875 0.904197293651178
3.234375 0.919955440897043
3.25 0.935801921568076
3.265625 0.951736244066961
3.28125 0.967757922186951
3.296875 0.983866475024438
3.3125 1.00006142689342
3.328125 1.01634230724176
3.34375 1.03270865056923
3.359375 1.04915999634724
3.375 1.06569588894029
3.390625 1.08231587752902
3.40625 1.09901951603493
3.421875 1.11580636304647
3.4375 1.1326759817469
3.453125 1.14962793984337
3.46875 1.16666180949764
3.484375 1.18377716725804
3.5 1.20097359399295
3.515625 1.21825067482545
3.53125 1.23560799906941
3.546875 1.25304516016673
3.5625 1.27056175562595
3.578125 1.2881573869619
3.59375 1.3058316596367
3.609375 1.32358418300175
3.625 1.34141457024097
3.640625 1.35932243831504
3.65625 1.37730740790677
3.671875 1.39536910336748
3.6875 1.41350715266439
3.703125 1.43172118732906
3.71875 1.45001084240671
3.734375 1.46837575640659
3.75 1.48681557125318
3.765625 1.50532993223837
3.78125 1.5239184879745
3.796875 1.54258089034822
3.8125 1.56131679447529
3.828125 1.58012585865606
3.84375 1.59900774433197
3.859375 1.61796211604258
3.875 1.63698864138361
3.890625 1.65608699096556
3.90625 1.67525683837315
3.921875 1.6944978601255
3.9375 1.71380973563693
3.953125 1.73319214717853
3.96875 1.75264477984034
3.984375 1.77216732149429
4 1.79175945829296
4.015625 1.81142089253637
4.03125 1.83115131571653
4.046875 1.85095042647417
4.0625 1.87081792605563
4.078125 1.89075351827944
4.09375 1.91075690950337
4.109375 1.93082780859217
4.125 1.95096592688571
4.140625 1.97117097816779
4.15625 1.99144267863535
4.171875 2.01178074686825
4.1875 2.03218490379959
4.203125 2.05265487268644
4.21875 2.07319037908109
4.234375 2.09379115080274
4.25 2.11445691790972
4.265625 2.1351874126721
4.28125 2.15598236954475
4.296875 2.17684152514083
4.3125 2.19776461820576
4.328125 2.21875138959152
4.34375 2.23980158223141
4.359375 2.26091494111523
4.375 2.28209121326478
4.390625 2.30333014770981
4.40625 2.32463149546435
4.421875 2.3459950095033
4.4375 2.36742044473959
4.453125 2.38890755800145
4.46875 2.41045610801025
4.484375 2.43206585535849
4.5 2.45373656248832
4.515625 2.4754679936702
4.53125 2.49725991498202
4.546875 2.51911209428846
4.5625 2.54102430122072
4.578125 2.56299630715647
4.59375 2.58502788520022
4.609375 2.60711881016387
4.625 2.62926885854761
4.640625 2.65147780852107
4.65625 2.6737454399048
4.671875 2.69607153415196
4.6875 2.71845587433033
4.703125 2.74089824510452
4.71875 2.76339843271851
4.734375 2.78595622497843
4.75 2.8085714112355
4.765625 2.83124378236935
4.78125 2.85397313077151
4.796875 2.8767592503291
4.8125 2.89960193640882
4.828125 2.92250098584112
4.84375 2.94545619690466
4.859375 2.96846736931089
4.875 2.99153430418892
4.890625 3.01465680407059
4.90625 3.03783467287573
4.921875 3.06106771589761
4.9375 3.08435573978868
4.953125 3.10769855254638
4.96875 3.13109596349921
4.984375 3.15454778329305
5 3.17805381941285
5.015625 3.20161389407192
5.03125 3.22522781727848
5.046875 3.24889540481404
5.0625 3.27261647371149
5.078125 3.29639084224246
5.09375 3.3202183299048
5.109375 3.34409875741026
5.125 3.36803194667236
5.140625 3.39201772079434
5.15625 3.41605590405737
5.171875 3.44014632190882
5.1875 3.46428880095078
5.203125 3.48848316892861
5.21875 3.51272925471979
5.234375 3.53702688832277
5.25 3.56137590084605
5.265625 3.58577612449739
5.28125 3.61022739257315
5.296875 3.63472953944773
5.3125 3.65928240056324
5.328125 3.68388581241918
5.34375 3.70853961256238
5.359375 3.73324363957692
5.375 3.75799773307436
5.390625 3.78280173368389
5.40625 3.80765548304279
5.421875 3.83255882378686
5.4375 3.85751159954112
5.453125 3.88251365491043
5.46875 3.90756483547043
5.484375 3.93266498775844
5.5 3.95781395926459
5.515625 3.98301159842296
5.53125 4.00825775460287
5.546875 4.03355227810028
5.5625 4.05889502012933
5.578125 4.08428583281386
5.59375 4.10972456917923
5.609375 4.13521108314402
5.625 4.160745229512
5.640625 4.1863268639641
5.65625 4.21195584305053
5.671875 4.23763202418298
5.6875 4.26335526562686
5.703125 4.28912542649372
5.71875 4.31494236673371
5.734375 4.34080594712812
5.75 4.36671602928205
5.765625 4.39267247561709
5.78125 4.41867514936422
5.796875 4.44472391455663
5.8125 4.47081863602272
5.828125 4.49695917937919
5.84375 4.52314541102418
5.859375 4.54937719813045
5.875 4.57565440863873
5.890625 4.60197691125108
5.90625 4.62834457542431
5.921875 4.65475727136358
5.9375 4.68121487001592
5.953125 4.70771724306398
5.96875 4.73426426291971
5.984375 4.76085580271822
6 4.78749173184695
6.015625 4.81417193384226
6.03125 4.84089627946321
6.046875 4.86766464467702
6.0625 4.89447690614415
6.078125 4.92133294121252
6.09375 4.94823262791183
6.109375 4.97517584494784
6.125 5.00216247169683
6.140625 5.02919238820004
6.15625 5.05626547515823
6.171875 5.08338161392622
6.1875 5.11054068650759
6.203125 5.13774257554938
6.21875 5.16498716433682
6.234375 5.19227433678816
6.25 5.21960397744958
6.265625 5.24697597149008
6.28125 5.27439020469649
6.296875 5.30184656346851
6.3125 5.32934493481377
6.328125 5.35688520634303
6.34375 5.38446726626531
6.359375 5.41209100338319
6.375 5.43975630708809
6.390625 5.46746306735557
6.40625 5.49521117474084
6.421875 5.52300052037405
6.4375 5.55083099595592
6.453125 5.57870249375319
6.46875 5.60661490659421
6.484375 5.63456812786463
6.5 5.66256205150302
6.515625 5.69059657199659
6.53125 5.71867158437697
6.546875 5.74678698421603
6.5625 5.77494266762169
6.578125 5.80313853123383
6.59375 5.83137447222026
6.609375 5.85965038827263
6.625 5.88796617760248
6.640625 5.91632173893731
6.65625 5.94471697151663
6.671875 5.97315177508816
6.6875 6.00162604990393
6.703125 6.03013969671654
6.71875 6.05869261677541
6.734375 6.08728471182302
6.75 6.11591588409131
6.765625 6.14458603629795
6.78125 6.17329507164282
6.796875 6.20204289380439
6.8125 6.23082940693619
6.828125 6.25965451566333
6.84375 6.28851812507904
6.859375 6.31742014074119
6.875 6.34636046866895
6.890625 6.37533901533941
6.90625 6.40435568768423
6.921875 6.43341039308633
6.9375 6.46250303937668
6.953125 6.49163353483101
6.96875 6.52080178816662
6.984375 6.55000770853919
7 6.579251201075
7.015625 6.60853218477037
7.03125 6.63785056556837
7.046875 6.66720625434713
7.0625 6.69659916240775
7.078125 6.7260292014713
7.09375 6.75549628367585
7.109375 6.78500032157354
7.125 6.81454122812762
7.140625 6.84411891670963
7.15625 6.87373330109649
7.171875 6.90338429546767
7.1875 6.9330718144024
7.203125 6.9627957728769
7.21875 6.99255608626158
7.234375 7.02235267031836
7.25 7.05218544119789
7.265625 7.08205431543698
7.28125 7.11195920995584
7.296875 7.14190004205552
7.3125 7.17187672941525
7.328125 7.2018891900899
7.34375 7.23193734250737
7.359375 7.26202110546611
7.375 7.29214039813258
7.390625 7.3222951400387
7.40625 7.35248525107952
7.421875 7.38271065151061
7.4375 7.41297126194578
7.453125 7.44326700335455
7.46875 7.47359779705986
7.484375 7.50396356473566
7.5 7.53436422840461
7.515625 7.56479971043572
7.53125 7.59526993354206
7.546875 7.62577482077849
7.5625 7.65631429553943
7.578125 7.68688828155654
7.59375 7.7174967028966
7.609375 7.74813948395923
7.625 7.77881654947477
7.640625 7.80952782450205
7.65625 7.84027323442633
7.671875 7.87105270495711
7.6875 7.90186616212605
7.703125 7.93271353228489
7.71875 7.96359474210334
7.734375 7.9945097185671
7.75 8.02545838897575
7.765625 8.05644068094076
7.78125 8.08745652238355
7.796875 8.1185058415334
7.8125 8.14958856692555
7.828125 8.18070462739925
7.84375 8.21185395209581
7.859375 8.24303647045669
7.875 8.27425211222159
7.890625 8.30550080742659
7.90625 8.33678248640225
7.921875 8.36809707977179
7.9375 8.39944451844924
7.953125 8.43082473363758
7.96875 8.46223765682701
7.984375 8.49368321979309
8 8.52516135013032
8.015625 8.55667198915296
8.03125 8.58821506497307
8.046875 8.61979051049014
8.0625 8.65139825888031
8.078125 8.68303824359466
8.09375 8.71471039835753
8.109375 8.74641465716482
8.125 8.77815095428234
8.140625 8.80991922424417
8.15625 8.841719401851
8.171875 8.87355142216854
8.1875 8.90541522052587
8.203125 8.93731073251388
8.21875 8.96923789398365
8.234375 9.00119664104492
8.25 9.03318691006447
8.265625 9.06520863766466
8.28125 9.09726176072182
8.296875 9.12934621636475
8.3125 9.16146194197323
8.328125 9.1936088751765
8.34375 9.2257869538518
8.359375 9.25799611612286
8.375 9.29023630035846
8.390625 9.32250744517096
8.40625 9.35480948941493
8.421875 9.38714237218558
8.4375 9.41950603281753
8.453125 9.45190041088322
8.46875 9.48432544619164
8.484375 9.5167810787869
8.5 9.54926724894688
8.515625 9.58178389718181
8.53125 9.61433096423298
8.546875 9.64690839107139
8.5625 9.67951611889639
8.578125 9.71215408913435
8.59375 9.74482224343742
8.609375 9.77752052368215
8.625 9.81024887196824
8.640625 9.84300723061725
8.65625 9.87579554217133
8.671875 9.90861374939196
8.6875 9.94146179525869
8.703125 9.97433962296791
8.71875 10.0072471759316
8.734375 10.0401843977761
8.75 10.073151232341
8.765625 10.1061476236777
8.78125 10.1391735160485
8.796875 10.1722288539252
8.8125 10.2053135819881
8.828125 10.2384276451244
8.84375 10.2715709884279
8.859375 10.3047435571968
8.875 10.3379452969333
8.890625 10.3711761533423
8.90625 10.40443607233
8.921875 10.4377250000033
8.9375 10.471042882668
8.953125 10.5043896668284
8.96875 10.5377652991857
8.984375 10.5711697266371
9 10.6046028918102
9.015625 10.6380647509641
9.03125 10.6715552470686
9.046875 10.7050743277942
9.0625 10.7386219410022
9.078125 10.7721980347434
9.09375 10.8058025572573
9.109375 10.839435456971
9.125 10.8730966824981
9.140625 10.9067861826379
9.15625 10.940503906374
9.171875 10.9742498028738
9.1875 11.0080238214872
9.203125 11.0418259117458
9.21875 11.0756560233617
9.234375 11.1095141062266
9.25 11.1434001104111
9.265625 11.1773139861633
9.28125 11.2112556839083
9.296875 11.245225154247
9.3125 11.2792223479552
9.328125 11.3132472159827
9.34375 11.3472997094523
9.359375 11.3813797796592
9.375 11.4154873780696
9.390625 11.4496224563202
9.40625 11.483784966217
9.421875 11.5179748597349
9.4375 11.5521920890162
9.453125 11.58643660637
9.46875 11.6207083642716
9.484375 11.6550073153612
9.5 11.6893334124431
9.515625 11.7236866084854
9.53125 11.7580668566182
9.546875 11.7924741101337
9.5625 11.8269083224847
9.578125 11.8613694472842
9.59375 11.8958574383043
9.609375 11.9303722494754
9.625 11.9649138348857
9.640625 11.9994821487799
9.65625 12.0340771455589
9.671875 12.0686987797787
9.6875 12.1033470061496
9.703125 12.1380217795355
9.71875 12.1727230549532
9.734375 12.2074507875715
9.75 12.2422049327105
9.765625 12.2769854458407
9.78125 12.3117922825826
9.796875 12.3466253987053
9.8125 12.3814847501265
9.828125 12.4163702929112
9.84375 12.4512819832714
9.859375 12.4862197775648
9.875 12.5211836322948
9.890625 12.5561735041089
9.90625 12.591189349799
9.921875 12.6262311262996
9.9375 12.6612987906882
9.953125 12.6963923001835
9.96875 12.7315116121456
9.984375 12.7666566840748
10 12.8018274736111


2 1
3 2
4 6
5 24


2 0
3 0.693147180559945
4 1.79175946922805
5 3.17805383034795
6 4.78749174278205
7 6.5792512120101
8 8.52516136106541
9 10.6046029027453
10 12.8018274800815
