0 0
0.785398163397448 0.643976807160139
1.5707963267949 1.7707963267949
2.35619449019234 2.21477313395504
3.14159265358979 3.14159265358979
3.92699081698724 4.06841217322455
4.71238898038469 4.51238898038469
5.49778714378214 5.63920850001945
6.28318530717959 6.28318530717959


0 0 0
0.0314159265358979 -0.00754762194546338 0.015186158674971
0.0628318530717959 -0.0135535813416569 0.0310115583051667
0.0942477796076938 -0.0178644898764796 0.0475070935651304
0.125663706143592 -0.0203178549426427 0.0647044174795878
0.15707963267949 -0.0207425071949695 0.0826358658837776
0.188495559215388 -0.018959308593568 0.101334364747778
0.219911485751286 -0.0147821982386815 0.120833318326894
0.251327412287183 -0.00801963792086367 0.14116647597522
0.282743338823081 0.00152347779722211 0.162367775350118
0.314159265358979 0.0140433819252029 0.184471159648828
0.345575191894877 0.0297344043587868 0.207510366463526
0.376991118430775 0.0487852974267998 0.231518685828252
0.408407044966673 0.0713748802334728 0.256528685072324
0.439822971502571 0.0976669876804157 0.282571898203992
0.471238898038469 0.127804742672579 0.309678477740834
0.502654824574367 0.161904212778309 0.3378768071969
0.534070751110265 0.200047565627101 0.367193072849649
0.565486677646163 0.242275899570777 0.397650793961761
0.596902604182061 0.288581995079825 0.429270311343972
0.628318530717959 0.33890330364209 0.462068235034345
0.659734457253857 0.393115558226073 0.496056852954605
0.691150383789754 0.451027444432081 0.53124350369932
0.722566310325652 0.512376804668254 0.567629918128003
0.75398223686155 0.576828849039677 0.605211536165111
0.785398163397448 0.643976807160139 0.643976807160139
0.816814089933346 0.713345368671498 0.683906484298274
0.848230016469244 0.784397125507964 0.724972925844799
0.879645943005142 0.856542050808884 0.767139418398361
0.91106186954104 0.929149839909826 0.810359539743567
0.942477796076938 1.00156471678026 0.854576581233904
0.973893722612836 1.07312209826096 0.899723051780632
1.00530964914873 1.14316633384874 0.945720287329244
1.03672557568463 1.21106862366301 0.992478191011162
1.06814150222053 1.27624417832861 1.03989512979036
1.09955742875643 1.33816772894631 1.08785801320422
1.13097335529233 1.39638661904234 1.13624257855392
1.16238928182822 1.45053089865941 1.18491390448166
1.19380520836412 1.50032007067539 1.23372717116721
1.22522113490002 1.54556638388857 1.28252868032611
1.25663706143592 1.58617479950284 1.33115714180854
1.28805298797181 1.62213995475775 1.37944522598075
1.31946891450771 1.65354059402057 1.42722137241327
1.35088484104361 1.68053202641916 1.47431183599667
1.38230076757951 1.70333720069978 1.52054294184518
1.41371669411541 1.72223696945984 1.56574351070057
1.4451326206513 1.7375600573842 1.60974740753935
1.4765485471872 1.74967316454716 1.65239615826421
1.5079644737231 1.7589715389347 1.69354157325626
1.539380400259 1.76587025310132 1.73304831264648
1.5707963267949 1.7707963267949 1.7707963267949
1.60221225333079 1.7741817561973 1.80668310686342
1.63362817986669 1.77645744430642 1.84062568457901
1.66504410640259 1.77804797697874 1.87256232716972
1.69646003293849 1.77936715476061 1.90245388269767
1.72787595947439 1.7808141703608 1.9302847421274
1.75929188601028 1.78277031343577 1.95606339684945
1.79070781254618 1.7855960860911 1.97982258334214
1.82212373908208 1.78962862204555 2.00161901949192
1.85353966561798 1.79517931787492 2.0215327491298
1.88495559215388 1.80253160452495 2.03966612198531
1.91637151868977 1.81193880997911 2.05614244504332
1.94778744522567 1.82362208840092 2.07110434789483
1.97920337176157 1.8377684161721 2.08471190894697
2.01061929829747 1.85452867999061 2.09714059130552
2.04203522483337 1.87401590553112 2.1085790369161
2.07345115136926 1.89630369599989 2.11922676541523
2.10486707790516 1.9214249670706 2.12929182045463
2.13628300444106 1.9493710769675 2.13898840142698
2.16769893097696 1.9800914567094 2.14853451296104
2.19911485751286 2.0134938447277 2.1581496586816
2.23053078404875 2.04944522148658 2.16805259991911
2.26194671058465 2.08777352304459 2.17845919462729
2.29336263712055 2.12827018793037 2.18958032698221
2.32477856365645 2.17069356013091 2.2016199341815
2.35619449019234 2.21477313395504 2.21477313395504
2.38761041672824 2.26021458621802 2.22922445429406
2.41902634326414 2.30670550028426 2.24514616589642
2.45044226980004 2.35392164798251 2.26269671775499
2.48185819633594 2.40153366227143 2.282019277083
2.51327412287183 2.44921390848448 2.30324037623849
2.54469004940773 2.49664334713641 2.32646867131553
2.57610597594363 2.54351817790133 2.3517938194301
2.60752190247953 2.58955606275813 2.37928548424444
2.63893782901543 2.63450174569729 2.40899248174353
2.67035375555132 2.6781319151091 2.44094208049623
2.70176968208722 2.72025919060243 2.47513947240648
2.73318560862312 2.76073515564719 2.51156743110666
2.76460153515902 2.79945239806254 2.55018617550763
2.79601746169492 2.83634555912063 2.59093345547353
2.82743338823081 2.87139142646891 2.63372487504836
2.85884931476671 2.9046081343778 2.67845446608684
2.89026524130261 2.93605355589923 2.72499552154936
2.92168116783851 2.96582298500807 2.77320169318164
2.95309709437441 2.99404621299069 2.82290835294324
2.9845130209103 3.02088410308269 2.87393421156049
3.0159289474462 3.04652476187443 2.9260831811911
3.0473448739821 3.071179396765 2.97914646267204
3.078760800518 3.09507793730215 3.03290483147351
3.1101767270539 3.11846448610461 3.08713109060336
3.14159265358979 3.14159265358979 3.14159265358979
3.17300858012569 3.16472082107498 3.19605421657622
3.20442450666159 3.18810736987744 3.25028047570608
3.23584043319749 3.21200591041459 3.30403884450754
3.26725635973339 3.23666054530516 3.35710212598849
3.29867228626928 3.26230120409689 3.4092510956191
3.33008821280518 3.2891390941889 3.46027695423634
3.36150413934108 3.31736232217152 3.50998361399795
3.39292006587698 3.34713175128035 3.55818978563023
3.42433599241287 3.37857717280178 3.60473084109275
3.45575191894877 3.41179388071068 3.64946043213123
3.48716784548467 3.44683974805896 3.69225185170606
3.51858377202057 3.48373290911704 3.73299913167196
3.54999969855647 3.52245015153239 3.77161787607293
3.58141562509236 3.56292611657715 3.80804583477311
3.61283155162826 3.60505339207049 3.84224322668336
3.64424747816416 3.6486835614823 3.87419282543605
3.67566340470006 3.69362924442146 3.90389982293515
3.70707933123596 3.73966712927826 3.93139148774949
3.73849525777185 3.78654196004317 3.95671663586405
3.76991118430775 3.8339713986951 3.9799449309411
3.80132711084365 3.88165164490816 4.00116603009659
3.83274303737955 3.92926365919708 4.0204885894246
3.86415896391545 3.97647980689533 4.03803914128316
3.89557489045134 4.02297072096156 4.05396085288553
3.92699081698724 4.06841217322455 4.06841217322455
3.95840674352314 4.11249174704867 4.08156537299808
3.98982267005904 4.15491511924922 4.09360498019738
4.02123859659494 4.195411784135 4.1047261125523
4.05265452313083 4.23374008569301 4.11513270726047
4.08407044966673 4.26969146245189 4.12503564849799
4.11548637620263 4.30309385047019 4.13465079421855
4.14690230273853 4.33381423021209 4.1441969057526
4.17831822927443 4.36176034010898 4.15389348672495
4.20973415581032 4.3868816111797 4.16395854176436
4.24115008234622 4.40916940164847 4.17460627026348
4.27256600888212 4.42865662718897 4.18604471587407
4.30398193541802 4.44541689100748 4.19847339823262
4.33539786195391 4.45956321877866 4.21208095928475
4.36681378848981 4.47124649720048 4.22704286213626
4.39822971502571 4.48065370265464 4.24351918519427
4.42964564156161 4.48800598930467 4.26165255804978
4.46106156809751 4.49355668513404 4.28156628768767
4.4924774946334 4.49758922108848 4.30336272383745
4.5238934211693 4.50041499374381 4.32712191033013
4.5553093477052 4.50237113681879 4.35290056505219
4.5867252742411 4.50381815241897 4.38073142448192
4.618141200777 4.50513733020085 4.41062298000986
4.64955712731289 4.50672786287317 4.44255962260057
4.68097305384879 4.50900355098229 4.47650220031616
4.71238898038469 4.51238898038469 4.51238898038469
4.74380490692059 4.51731505407826 4.5501369945331
4.77522083345649 4.52421376824488 4.58964373392332
4.80663675999238 4.53351214263243 4.63078914891538
4.83805268652828 4.54562524979539 4.67343789964023
4.86946861306418 4.56094833771975 4.71744179647901
4.90088453960008 4.57984810647981 4.7626423653344
4.93230046613597 4.60265328076043 4.80887347118291
4.96371639267187 4.62964471315902 4.85596393476631
4.99513231920777 4.66104535242184 4.90374008119883
5.02654824574367 4.69701050767675 4.95202816537104
5.05796417227957 4.73761892329102 5.00065662685347
5.08938009881546 4.7828652365042 5.04945813601237
5.12079602535136 4.83265440852018 5.09827140269793
5.15221195188726 4.88679868813725 5.14694272862566
5.18362787842316 4.94501757823328 5.19532729397536
5.21504380495906 5.00694112885098 5.24329017738923
5.24645973149496 5.07211668351658 5.29070711616843
5.27787565803085 5.14001897333085 5.33746501985034
5.30929158456675 5.21006320891862 5.38346225539896
5.34070751110265 5.28162059039933 5.42860872594568
5.37212343763855 5.35403546726976 5.47282576743602
5.40353936417444 5.4266432563707 5.51604588878122
5.43495529071034 5.49878818167162 5.55821238133479
5.46637121724624 5.56983993850809 5.59927882288131
5.49778714378214 5.63920850001945 5.63920850001945
5.52920307031804 5.70635645813991 5.67797377101447
5.56061899685393 5.77080850251133 5.71555538905158
5.59203492338983 5.83215786274751 5.75194180348027
5.62345084992573 5.89006974895351 5.78712845422498
5.65486677646163 5.9442820035375 5.82111707214524
5.68628270299753 5.99460331209976 5.85391499583562
5.71769862953342 6.04090940760881 5.88553451321782
5.74911455606932 6.08313774155248 5.91599223432994
5.78053048260522 6.12128109440128 5.94530849998269
5.81194640914112 6.15538056450701 5.97350682943875
5.84336233567702 6.18551831949917 6.0006134089756
5.87477826221291 6.21181042694611 6.02665662210726
5.90619418874881 6.23440000975279 6.05166662135133
5.93761011528471 6.2534509028208 6.07567494071606
5.96902604182061 6.26914192525438 6.09871414753076
6.0004419683565 6.28166182938236 6.12081753182947
6.0318578948924 6.29120494510045 6.14201883120437
6.0632738214283 6.29796750541827 6.16235198885269
6.0946897479642 6.30214461577315 6.18185094243181
6.1261056745001 6.30392781437456 6.20054944129581
6.15752160103599 6.30350316212223 6.2184808897
6.18893752757189 6.30104979705607 6.23567821361446
6.22035345410779 6.29673888852124 6.25217374887442
6.25176938064369 6.29073292912505 6.26799914850462
6.28318530717959 6.28318530717959 6.28318530717959
