-1 0.0384615384615385
-0.8 0.0588235294117647
-0.6 0.1
-0.4 0.2
-0.2 0.5
0 1
0.2 0.5
0.4 0.2
0.6 0.1
0.8 0.0588235294117647
1 0.0384615384615385


-1 0.0384615384615385 0.0384615384615385 0.0384615384615385
-0.99 0.0414702592061295 0.044257815243001 0.0392118419762768
-0.98 0.0443763739288778 0.0494343275474845 0.039984006397441
-0.97 0.047161702256261 0.0539997438689279 0.0407788765419513
-0.96 0.0498067904292724 0.0579646795636319 0.0415973377703827
-0.95 0.052291050679061 0.0613418811302904 0.0424403183023873
-0.94 0.0545929827487708 0.0641464174772718 0.043308791684712
-0.93 0.0566904964981007 0.0663958762308118 0.0442037794231407
-0.92 0.0585613555792001 0.0681105624914336 0.0451263537906137
-0.91 0.0601837618681042 0.0693136966890572 0.0460776408247898
-0.9 0.0615370979533125 0.0700316073146028 0.0470588235294118
-0.89 0.0626028396720618 0.0702939133164818 0.0480711452950367
-0.88 0.063365641542328 0.0701336898495993 0.0491159135559921
-0.87 0.0638145841550581 0.0695876098664789 0.0501945037018446
-0.86 0.0639445536828678 0.068696052770525 0.0513083632632119
-0.85 0.0637576997897763 0.0675031700505558 0.0524590163934426
-0.84 0.0632648905736645 0.0660568965418102 0.0536480686695279
-0.83 0.0624870542980198 0.0644088947910104 0.0548772122376183
-0.82 0.0614562717120214 0.0626144190448683 0.0561482313307131
-0.81 0.0602164653146154 0.0607320847610779 0.0574630081884787
-0.8 0.0588235294117647 0.0588235294117647 0.0588235294117647
-0.79 0.0573447632622143 0.0569529508868916 0.0602318927872308
-0.78 0.0558575128661686 0.0551865111996015 0.0616903146206046
-0.77 0.0544469948225123 0.0535915956406372 0.0632011376204772
-0.76 0.0532033624599842 0.052235921204629 0.0647668393782384
-0.75 0.0522181686814369 0.0511864931598811 0.0663900414937759
-0.74 0.0515804659279522 0.0505084151320716 0.068073519400953
-0.73 0.0513728446110402 0.0502635659990237 0.0698202129516495
-0.72 0.0516677337194872 0.0505091660937422 0.0716332378223496
-0.71 0.0525242646683816 0.0512962653683712 0.073515897812902
-0.7 0.0539859347463304 0.052668196780623 0.0754716981132075
-0.69 0.0560792115341472 0.0546590485358836 0.0775043596202286
-0.68 0.0588131120386952 0.0572922180925641 0.0796178343949045
-0.67 0.062179688873287 0.0605791180343305 0.0818163223563101
-0.66 0.0661552761921444 0.0645181080089838 0.0841042893187553
-0.65 0.0707022994567287 0.0690937269770792 0.0864864864864865
-0.64 0.075771437404701 0.0742762952492218 0.0889679715302491
-0.63 0.0813039375487178 0.0800219457966951 0.0915541313801785
-0.62 0.0872339200252473 0.0862731291220394 0.0942507068803016
-0.61 0.0934905492440005 0.0929596161262782 0.0970638194612958
-0.6 0.1 0.1 0.1
-0.59 0.106687188048911 0.107303672768443 0.10306622004638
-0.58 0.113477270657523 0.114773226649798 0.106269925611052
-0.57 0.120296948626827 0.122307206894255 0.109619073718827
-0.56 0.127075617718021 0.129803123211776 0.113122171945701
-0.55 0.133746425270072 0.137160612882039 0.116788321167883
-0.54 0.140247288488297 0.144284641242229 0.120627261761158
-0.53 0.146521925835521 0.151088624870855 0.124649423496416
-0.52 0.152520943395379 0.157497369129991 0.128865979381443
-0.51 0.15820300495077 0.163449723858268 0.133288903698767
-0.5 0.163536098545424 0.168900877496631 0.137931034482759
-0.49 0.168498894071185 0.173824229065675 0.142806140664049
-0.48 0.173082166576286 0.178212797420063 0.14792899408284
-0.47 0.177290239333189 0.182080146448071 0.153315446531238
-0.46 0.181142380360243 0.185460822034963 0.158982511923688
-0.45 0.184674067561528 0.188410310749856 0.164948453608247
-0.44 0.187938022803043 0.191004540877643 0.171232876712329
-0.43 0.191004906197852 0.193338953559599 0.177856825255669
-0.42 0.193963560757709 0.195527175752138 0.184842883548983
-0.41 0.196920706185479 0.197699328058678 0.192215281114849
-0.4 0.2 0.2 0.2
-0.39 0.203340414340064 0.20258592379848 0.208224882873503
-0.38 0.207093916196744 0.205623376076906 0.216919739696312
-0.37 0.211422484461916 0.209285335739213 0.226116449971735
-0.36 0.216494544707574 0.213748426292019 0.235849056603774
-0.35 0.222480946828452 0.219189672387993 0.246153846153846
-0.34 0.229550646282773 0.225783103632447 0.25706940874036
-0.33 0.237866272099936 0.233696243694104 0.268636668905306
-0.32 0.247579771101422 0.243086529297358 0.280898876404494
-0.31 0.258828307048149 0.254097711352636 0.293901542983101
-0.3 0.271730567154314 0.26685629874084 0.307692307692308
-0.29 0.286383590148704 0.281468113408327 0.32232070910556
-0.28 0.302860184841679 0.298015032658791 0.337837837837838
-0.27 0.321206961613189 0.316552000018519 0.354295837023915
-0.26 0.341442956751627 0.337104388998545 0.371747211895911
-0.25 0.363558795508119 0.359665803774831 0.390243902439024
-0.24 0.387516316953028 0.384196396717078 0.409836065573771
-0.23 0.413248573432233 0.410621774513208 0.430570505920345
-0.22 0.440660119269387 0.438832552340438 0.452488687782805
-0.21 0.469627515756834 0.468684599422279 0.475624256837099
-0.2 0.5 0.5 0.5
-0.19 0.531600290977798 0.532568732144215 0.525624178712221
-0.18 0.564225534310277 0.566151044074945 0.552486187845304
-0.17 0.597648414875435 0.600480485027024 0.58055152394775
-0.16 0.631618491044985 0.63526752650761 0.609756097560976
-0.15 0.665863823685516 0.670203691279449 0.64
-0.14 0.700092985297981 0.704966092612524 0.671140939597315
-0.13 0.733997538189014 0.739222276040383 0.70298769771529
-0.12 0.767255064213533 0.772635250452081 0.735294117647059
-0.11 0.799532811710794 0.80486859488832 0.767754318618042
-0.1 0.830491997707368 0.835591531569327 0.8
-0.09 0.859792766001769 0.864483863821968 0.831600831600832
-0.08 0.887099756048525 0.891240688810085 0.862068965517241
-0.07 0.91208818634856 0.91557680826894 0.89086859688196
-0.0600000000000001 0.9344503030938 0.937230774714688 0.91743119266055
-0.05 0.953901994742812 0.955968524800977 0.941176470588235
-0.04 0.970189331168822 0.971586564715313 0.961538461538461
-0.03 0.983094757145486 0.9839146840304 0.97799511002445
-0.02 0.992442658657885 0.992818183770793 0.99009900990099
-0.01 0.998104029907155 0.998199611399241 0.997506234413965
0 1 1 1
0.01 0.998104029907155 0.998199611399241 0.997506234413965
0.02 0.992442658657885 0.992818183770793 0.99009900990099
0.03 0.983094757145486 0.9839146840304 0.97799511002445
0.04 0.970189331168822 0.971586564715313 0.961538461538461
0.05 0.953901994742812 0.955968524800977 0.941176470588235
0.0600000000000001 0.9344503030938 0.937230774714687 0.91743119266055
0.0700000000000001 0.91208818634856 0.91557680826894 0.89086859688196
0.0800000000000001 0.887099756048525 0.891240688810084 0.862068965517241
0.0900000000000001 0.859792766001769 0.864483863821968 0.831600831600831
0.1 0.830491997707368 0.835591531569326 0.8
0.11 0.799532811710794 0.80486859488832 0.767754318618042
0.12 0.767255064213533 0.772635250452081 0.735294117647058
0.13 0.733997538189014 0.739222276040383 0.70298769771529
0.14 0.700092985297981 0.704966092612525 0.671140939597316
0.15 0.665863823685516 0.67020369127945 0.64
0.16 0.631618491044985 0.63526752650761 0.609756097560976
0.17 0.597648414875435 0.600480485027025 0.580551523947751
0.18 0.564225534310278 0.566151044074946 0.552486187845304
0.19 0.531600290977798 0.532568732144215 0.525624178712221
0.2 0.5 0.5 0.5
0.21 0.469627515756834 0.468684599422279 0.475624256837099
0.22 0.440660119269387 0.438832552340438 0.452488687782805
0.23 0.413248573432233 0.410621774513208 0.430570505920345
0.24 0.387516316953028 0.384196396717078 0.409836065573771
0.25 0.363558795508119 0.359665803774831 0.390243902439024
0.26 0.341442956751627 0.337104388998545 0.371747211895911
0.27 0.321206961613189 0.316552000018519 0.354295837023915
0.28 0.302860184841678 0.298015032658791 0.337837837837838
0.29 0.286383590148704 0.281468113408327 0.32232070910556
0.3 0.271730567154314 0.26685629874084 0.307692307692308
0.31 0.258828307048149 0.254097711352635 0.293901542983101
0.32 0.247579771101422 0.243086529297358 0.280898876404494
0.33 0.237866272099935 0.233696243694104 0.268636668905306
0.34 0.229550646282773 0.225783103632447 0.25706940874036
0.35 0.222480946828452 0.219189672387993 0.246153846153846
0.36 0.216494544707574 0.213748426292019 0.235849056603773
0.37 0.211422484461916 0.209285335739213 0.226116449971735
0.38 0.207093916196744 0.205623376076906 0.216919739696312
0.39 0.203340414340064 0.20258592379848 0.208224882873503
0.4 0.2 0.2 0.2
0.41 0.196920706185479 0.197699328058678 0.192215281114849
0.42 0.193963560757709 0.195527175752138 0.184842883548983
0.43 0.191004906197852 0.193338953559599 0.177856825255669
0.44 0.187938022803043 0.191004540877643 0.171232876712329
0.45 0.184674067561528 0.188410310749856 0.164948453608247
0.46 0.181142380360243 0.185460822034963 0.158982511923688
0.47 0.177290239333189 0.182080146448071 0.153315446531238
0.48 0.173082166576286 0.178212797420063 0.14792899408284
0.49 0.168498894071186 0.173824229065675 0.142806140664049
0.5 0.163536098545424 0.168900877496631 0.137931034482759
0.51 0.15820300495077 0.163449723858268 0.133288903698767
0.52 0.152520943395379 0.157497369129991 0.128865979381443
0.53 0.14652192583552 0.151088624870855 0.124649423496416
0.54 0.140247288488297 0.144284641242229 0.120627261761158
0.55 0.133746425270072 0.137160612882039 0.116788321167883
0.56 0.127075617718021 0.129803123211776 0.113122171945701
0.57 0.120296948626827 0.122307206894255 0.109619073718827
0.58 0.113477270657523 0.114773226649799 0.106269925611052
0.59 0.106687188048911 0.107303672768443 0.10306622004638
0.6 0.1 0.1 0.1
0.61 0.0934905492440004 0.0929596161262782 0.0970638194612958
0.62 0.0872339200252472 0.0862731291220393 0.0942507068803016
0.63 0.0813039375487179 0.0800219457966952 0.0915541313801786
0.64 0.0757714374047011 0.074276295249222 0.0889679715302491
0.65 0.0707022994567288 0.0690937269770793 0.0864864864864865
0.66 0.0661552761921444 0.0645181080089839 0.0841042893187553
0.67 0.062179688873287 0.0605791180343306 0.0818163223563101
0.68 0.0588131120386952 0.0572922180925641 0.0796178343949045
0.69 0.0560792115341472 0.0546590485358836 0.0775043596202286
0.7 0.0539859347463304 0.052668196780623 0.0754716981132075
0.71 0.0525242646683816 0.0512962653683712 0.073515897812902
0.72 0.0516677337194873 0.0505091660937422 0.0716332378223496
0.73 0.0513728446110402 0.0502635659990238 0.0698202129516495
0.74 0.0515804659279522 0.0505084151320716 0.068073519400953
0.75 0.0522181686814369 0.0511864931598812 0.0663900414937759
0.76 0.0532033624599842 0.052235921204629 0.0647668393782384
0.77 0.0544469948225123 0.0535915956406372 0.0632011376204772
0.78 0.0558575128661686 0.0551865111996016 0.0616903146206046
0.79 0.0573447632622143 0.0569529508868916 0.0602318927872308
0.8 0.0588235294117647 0.0588235294117647 0.0588235294117647
0.81 0.0602164653146155 0.0607320847610779 0.0574630081884787
0.82 0.0614562717120214 0.0626144190448683 0.0561482313307131
0.83 0.0624870542980198 0.0644088947910104 0.0548772122376183
0.84 0.0632648905736645 0.0660568965418103 0.0536480686695279
0.85 0.0637576997897763 0.0675031700505559 0.0524590163934426
0.86 0.0639445536828677 0.068696052770525 0.0513083632632119
0.87 0.0638145841550581 0.0695876098664789 0.0501945037018446
0.88 0.063365641542328 0.0701336898495994 0.0491159135559922
0.89 0.0626028396720618 0.0702939133164818 0.0480711452950367
0.9 0.0615370979533125 0.0700316073146028 0.0470588235294118
0.91 0.0601837618681042 0.0693136966890573 0.0460776408247898
0.92 0.0585613555792001 0.0681105624914336 0.0451263537906137
0.93 0.0566904964981007 0.0663958762308118 0.0442037794231407
0.94 0.0545929827487708 0.0641464174772718 0.043308791684712
0.95 0.052291050679061 0.0613418811302904 0.0424403183023873
0.96 0.0498067904292724 0.0579646795636319 0.0415973377703827
0.97 0.047161702256261 0.053999743868928 0.0407788765419513
0.98 0.0443763739288778 0.0494343275474845 0.039984006397441
0.99 0.0414702592061295 0.044257815243001 0.0392118419762768
1 0.0384615384615385 0.0384615384615385 0.0384615384615385
