# x    f(x)    r1(x)   r2(x)   err1    err2
0.0000 0.000000 0.000000 0.000000 0.000E+000 0.000E+000
0.0314 0.062703 -0.007548 0.015186 7.025E-002 4.752E-002
0.0628 0.124635 -0.013554 0.031012 1.382E-001 9.362E-002
0.0942 0.185046 -0.017864 0.047507 2.029E-001 1.375E-001
0.1257 0.243221 -0.020318 0.064704 2.635E-001 1.785E-001
0.1571 0.298501 -0.020743 0.082636 3.192E-001 2.159E-001
0.1885 0.350299 -0.018959 0.101334 3.693E-001 2.490E-001
0.2199 0.398113 -0.014782 0.120833 4.129E-001 2.773E-001
0.2513 0.441539 -0.008020 0.141166 4.496E-001 3.004E-001
0.2827 0.480281 0.001523 0.162368 4.788E-001 3.179E-001
0.3142 0.514159 0.014043 0.184471 5.001E-001 3.297E-001
0.3456 0.543113 0.029734 0.207510 5.134E-001 3.356E-001
0.3770 0.567202 0.048785 0.231519 5.184E-001 3.357E-001
0.4084 0.586608 0.071375 0.256529 5.152E-001 3.301E-001
0.4398 0.601626 0.097667 0.282572 5.040E-001 3.191E-001
0.4712 0.612660 0.127805 0.309678 4.849E-001 3.030E-001
0.5027 0.620212 0.161904 0.337877 4.583E-001 2.823E-001
0.5341 0.624869 0.200048 0.367193 4.248E-001 2.577E-001
0.5655 0.627290 0.242276 0.397651 3.850E-001 2.296E-001
0.5969 0.628189 0.288582 0.429270 3.396E-001 1.989E-001
0.6283 0.628319 0.338903 0.462068 2.894E-001 1.663E-001
0.6597 0.628448 0.393116 0.496057 2.353E-001 1.324E-001
0.6912 0.629347 0.451027 0.531244 1.783E-001 9.810E-002
0.7226 0.631768 0.512377 0.567630 1.194E-001 6.414E-002
0.7540 0.636425 0.576829 0.605212 5.960E-002 3.121E-002
0.7854 0.643977 0.643977 0.643977 0.000E+000 0.000E+000
0.8168 0.655011 0.713345 0.683906 5.833E-002 2.890E-002
0.8482 0.670029 0.784397 0.724973 1.144E-001 5.494E-002
0.8796 0.689435 0.856542 0.767139 1.671E-001 7.770E-002
0.9111 0.713524 0.929150 0.810360 2.156E-001 9.684E-002
0.9425 0.742478 1.001565 0.854577 2.591E-001 1.121E-001
0.9739 0.776356 1.073122 0.899723 2.968E-001 1.234E-001
1.0053 0.815098 1.143166 0.945720 3.281E-001 1.306E-001
1.0367 0.858524 1.211069 0.992478 3.525E-001 1.340E-001
1.0681 0.906338 1.276244 1.039895 3.699E-001 1.336E-001
1.0996 0.958136 1.338168 1.087858 3.800E-001 1.297E-001
1.1310 1.013416 1.396387 1.136243 3.830E-001 1.228E-001
1.1624 1.071591 1.450531 1.184914 3.789E-001 1.133E-001
1.1938 1.132002 1.500320 1.233727 3.683E-001 1.017E-001
1.2252 1.193934 1.545566 1.282529 3.516E-001 8.859E-002
1.2566 1.256637 1.586175 1.331157 3.295E-001 7.452E-002
1.2881 1.319340 1.622140 1.379445 3.028E-001 6.011E-002
1.3195 1.381272 1.653541 1.427221 2.723E-001 4.595E-002
1.3509 1.441683 1.680532 1.474312 2.388E-001 3.263E-002
1.3823 1.499858 1.703337 1.520543 2.035E-001 2.069E-002
1.4137 1.555138 1.722237 1.565744 1.671E-001 1.061E-002
1.4451 1.606936 1.737560 1.609747 1.306E-001 2.811E-003
1.4765 1.654750 1.749673 1.652396 9.492E-002 2.354E-003
1.5080 1.698176 1.758972 1.693542 6.080E-002 4.634E-003
1.5394 1.736918 1.765870 1.733048 2.895E-002 3.870E-003
1.5708 1.770796 1.770796 1.770796 0.000E+000 0.000E+000
1.6022 1.799750 1.774182 1.806683 2.557E-002 6.933E-003
1.6336 1.823839 1.776457 1.840626 4.738E-002 1.679E-002
1.6650 1.843245 1.778048 1.872562 6.520E-002 2.932E-002
1.6965 1.858263 1.779367 1.902454 7.890E-002 4.419E-002
1.7279 1.869297 1.780814 1.930285 8.848E-002 6.099E-002
1.7593 1.876849 1.782770 1.956063 9.408E-002 7.921E-002
1.7907 1.881506 1.785596 1.979823 9.591E-002 9.832E-002
1.8221 1.883927 1.789629 2.001619 9.430E-002 1.177E-001
1.8535 1.884827 1.795179 2.021533 8.965E-002 1.367E-001
1.8850 1.884956 1.802532 2.039666 8.242E-002 1.547E-001
1.9164 1.885085 1.811939 2.056142 7.315E-002 1.711E-001
1.9478 1.885984 1.823622 2.071104 6.236E-002 1.851E-001
1.9792 1.888405 1.837768 2.084712 5.064E-002 1.963E-001
2.0106 1.893062 1.854529 2.097141 3.853E-002 2.041E-001
2.0420 1.900614 1.874016 2.108579 2.660E-002 2.080E-001
2.0735 1.911648 1.896304 2.119227 1.534E-002 2.076E-001
2.1049 1.926666 1.921425 2.129292 5.241E-003 2.026E-001
2.1363 1.946072 1.949371 2.138988 3.299E-003 1.929E-001
2.1677 1.970161 1.980091 2.148535 9.930E-003 1.784E-001
2.1991 1.999115 2.013494 2.158150 1.438E-002 1.590E-001
2.2305 2.032993 2.049445 2.168053 1.645E-002 1.351E-001
2.2619 2.071735 2.087774 2.178459 1.604E-002 1.067E-001
2.2934 2.115161 2.128270 2.189580 1.311E-002 7.442E-002
2.3248 2.162975 2.170694 2.201620 7.718E-003 3.864E-002
2.3562 2.214773 2.214773 2.214773 0.000E+000 0.000E+000
2.3876 2.270053 2.260215 2.229224 9.839E-003 4.083E-002
2.4190 2.328228 2.306706 2.245146 2.152E-002 8.308E-002
2.4504 2.388639 2.353922 2.262697 3.472E-002 1.259E-001
2.4819 2.450571 2.401534 2.282019 4.904E-002 1.686E-001
2.5133 2.513274 2.449214 2.303240 6.406E-002 2.100E-001
2.5447 2.575977 2.496643 2.326469 7.933E-002 2.495E-001
2.5761 2.637909 2.543518 2.351794 9.439E-002 2.861E-001
2.6075 2.698320 2.589556 2.379285 1.088E-001 3.190E-001
2.6389 2.756495 2.634502 2.408992 1.220E-001 3.475E-001
2.6704 2.811775 2.678132 2.440942 1.336E-001 3.708E-001
2.7018 2.863573 2.720259 2.475139 1.433E-001 3.884E-001
2.7332 2.911387 2.760735 2.511567 1.507E-001 3.998E-001
2.7646 2.954813 2.799452 2.550186 1.554E-001 4.046E-001
2.7960 2.993555 2.836346 2.590933 1.572E-001 4.026E-001
2.8274 3.027433 2.871391 2.633725 1.560E-001 3.937E-001
2.8588 3.056387 2.904608 2.678454 1.518E-001 3.779E-001
2.8903 3.080477 2.936054 2.724996 1.444E-001 3.555E-001
2.9217 3.099882 2.965823 2.773202 1.341E-001 3.267E-001
2.9531 3.114900 2.994046 2.822908 1.209E-001 2.920E-001
2.9845 3.125934 3.020884 2.873934 1.051E-001 2.520E-001
3.0159 3.133486 3.046525 2.926083 8.696E-002 2.074E-001
3.0473 3.138143 3.071179 2.979146 6.696E-002 1.590E-001
3.0788 3.140564 3.095078 3.032905 4.549E-002 1.077E-001
3.1102 3.141464 3.118464 3.087131 2.300E-002 5.433E-002
3.1416 3.141593 3.141593 3.141593 0.000E+000 0.000E+000
3.1730 3.141722 3.164721 3.196054 2.300E-002 5.433E-002
3.2044 3.142621 3.188107 3.250280 4.549E-002 1.077E-001
3.2358 3.145042 3.212006 3.304039 6.696E-002 1.590E-001
3.2673 3.149699 3.236661 3.357102 8.696E-002 2.074E-001
3.2987 3.157251 3.262301 3.409251 1.051E-001 2.520E-001
3.3301 3.168285 3.289139 3.460277 1.209E-001 2.920E-001
3.3615 3.183303 3.317362 3.509984 1.341E-001 3.267E-001
3.3929 3.202709 3.347132 3.558190 1.444E-001 3.555E-001
3.4243 3.226798 3.378577 3.604731 1.518E-001 3.779E-001
3.4558 3.255752 3.411794 3.649460 1.560E-001 3.937E-001
3.4872 3.289630 3.446840 3.692252 1.572E-001 4.026E-001
3.5186 3.328372 3.483733 3.732999 1.554E-001 4.046E-001
3.5500 3.371798 3.522450 3.771618 1.507E-001 3.998E-001
3.5814 3.419612 3.562926 3.808046 1.433E-001 3.884E-001
3.6128 3.471410 3.605053 3.842243 1.336E-001 3.708E-001
3.6442 3.526690 3.648684 3.874193 1.220E-001 3.475E-001
3.6757 3.584865 3.693629 3.903900 1.088E-001 3.190E-001
3.7071 3.645276 3.739667 3.931391 9.439E-002 2.861E-001
3.7385 3.707208 3.786542 3.956717 7.933E-002 2.495E-001
3.7699 3.769911 3.833971 3.979945 6.406E-002 2.100E-001
3.8013 3.832614 3.881652 4.001166 4.904E-002 1.686E-001
3.8327 3.894546 3.929264 4.020489 3.472E-002 1.259E-001
3.8642 3.954957 3.976480 4.038039 2.152E-002 8.308E-002
3.8956 4.013132 4.022971 4.053961 9.839E-003 4.083E-002
3.9270 4.068412 4.068412 4.068412 0.000E+000 0.000E+000
3.9584 4.120210 4.112492 4.081565 7.718E-003 3.864E-002
3.9898 4.168024 4.154915 4.093605 1.311E-002 7.442E-002
4.0212 4.211450 4.195412 4.104726 1.604E-002 1.067E-001
4.0527 4.250192 4.233740 4.115133 1.645E-002 1.351E-001
4.0841 4.284070 4.269691 4.125036 1.438E-002 1.590E-001
4.1155 4.313024 4.303094 4.134651 9.930E-003 1.784E-001
4.1469 4.337114 4.333814 4.144197 3.299E-003 1.929E-001
4.1783 4.356520 4.361760 4.153893 5.241E-003 2.026E-001
4.2097 4.371538 4.386882 4.163959 1.534E-002 2.076E-001
4.2412 4.382571 4.409169 4.174606 2.660E-002 2.080E-001
4.2726 4.390123 4.428657 4.186045 3.853E-002 2.041E-001
4.3040 4.394780 4.445417 4.198473 5.064E-002 1.963E-001
4.3354 4.397201 4.459563 4.212081 6.236E-002 1.851E-001
4.3668 4.398101 4.471246 4.227043 7.315E-002 1.711E-001
4.3982 4.398230 4.480654 4.243519 8.242E-002 1.547E-001
4.4296 4.398359 4.488006 4.261653 8.965E-002 1.367E-001
4.4611 4.399258 4.493557 4.281566 9.430E-002 1.177E-001
4.4925 4.401679 4.497589 4.303363 9.591E-002 9.832E-002
4.5239 4.406336 4.500415 4.327122 9.408E-002 7.921E-002
4.5553 4.413888 4.502371 4.352901 8.848E-002 6.099E-002
4.5867 4.424922 4.503818 4.380731 7.890E-002 4.419E-002
4.6181 4.439940 4.505137 4.410623 6.520E-002 2.932E-002
4.6496 4.459346 4.506728 4.442560 4.738E-002 1.679E-002
4.6810 4.483435 4.509004 4.476502 2.557E-002 6.933E-003
4.7124 4.512389 4.512389 4.512389 0.000E+000 0.000E+000
4.7438 4.546267 4.517315 4.550137 2.895E-002 3.870E-003
4.7752 4.585010 4.524214 4.589644 6.080E-002 4.634E-003
4.8066 4.628435 4.533512 4.630789 9.492E-002 2.354E-003
4.8381 4.676249 4.545625 4.673438 1.306E-001 2.811E-003
4.8695 4.728047 4.560948 4.717442 1.671E-001 1.061E-002
4.9009 4.783327 4.579848 4.762642 2.035E-001 2.069E-002
4.9323 4.841502 4.602653 4.808873 2.388E-001 3.263E-002
4.9637 4.901913 4.629645 4.855964 2.723E-001 4.595E-002
4.9951 4.963845 4.661045 4.903740 3.028E-001 6.011E-002
5.0265 5.026548 4.697011 4.952028 3.295E-001 7.452E-002
5.0580 5.089251 4.737619 5.000657 3.516E-001 8.859E-002
5.0894 5.151183 4.782865 5.049458 3.683E-001 1.017E-001
5.1208 5.211594 4.832654 5.098271 3.789E-001 1.133E-001
5.1522 5.269769 4.886799 5.146943 3.830E-001 1.228E-001
5.1836 5.325049 4.945018 5.195327 3.800E-001 1.297E-001
5.2150 5.376847 5.006941 5.243290 3.699E-001 1.336E-001
5.2465 5.424661 5.072117 5.290707 3.525E-001 1.340E-001
5.2779 5.468087 5.140019 5.337465 3.281E-001 1.306E-001
5.3093 5.506829 5.210063 5.383462 2.968E-001 1.234E-001
5.3407 5.540708 5.281621 5.428609 2.591E-001 1.121E-001
5.3721 5.569661 5.354035 5.472826 2.156E-001 9.684E-002
5.4035 5.593751 5.426643 5.516046 1.671E-001 7.770E-002
5.4350 5.613157 5.498788 5.558212 1.144E-001 5.494E-002
5.4664 5.628175 5.569840 5.599279 5.833E-002 2.890E-002
5.4978 5.639209 5.639209 5.639209 0.000E+000 0.000E+000
5.5292 5.646760 5.706356 5.677974 5.960E-002 3.121E-002
5.5606 5.651417 5.770809 5.715555 1.194E-001 6.414E-002
5.5920 5.653838 5.832158 5.751942 1.783E-001 9.810E-002
5.6235 5.654738 5.890070 5.787128 2.353E-001 1.324E-001
5.6549 5.654867 5.944282 5.821117 2.894E-001 1.663E-001
5.6863 5.654996 5.994603 5.853915 3.396E-001 1.989E-001
5.7177 5.655895 6.040909 5.885535 3.850E-001 2.296E-001
5.7491 5.658316 6.083138 5.915992 4.248E-001 2.577E-001
5.7805 5.662973 6.121281 5.945308 4.583E-001 2.823E-001
5.8119 5.670525 6.155381 5.973507 4.849E-001 3.030E-001
5.8434 5.681559 6.185518 6.000613 5.040E-001 3.191E-001
5.8748 5.696577 6.211810 6.026657 5.152E-001 3.301E-001
5.9062 5.715983 6.234400 6.051667 5.184E-001 3.357E-001
5.9376 5.740072 6.253451 6.075675 5.134E-001 3.356E-001
5.9690 5.769026 6.269142 6.098714 5.001E-001 3.297E-001
6.0004 5.802904 6.281662 6.120818 4.788E-001 3.179E-001
6.0319 5.841647 6.291205 6.142019 4.496E-001 3.004E-001
6.0633 5.885073 6.297968 6.162352 4.129E-001 2.773E-001
6.0947 5.932886 6.302145 6.181851 3.693E-001 2.490E-001
6.1261 5.984684 6.303928 6.200549 3.192E-001 2.159E-001
6.1575 6.039965 6.303503 6.218481 2.635E-001 1.785E-001
6.1889 6.098139 6.301050 6.235678 2.029E-001 1.375E-001
6.2204 6.158550 6.296739 6.252174 1.382E-001 9.362E-002
6.2518 6.220482 6.290733 6.267999 7.025E-002 4.752E-002
6.2832 6.283185 6.283185 6.283185 0.000E+000 0.000E+000
