Training done in 50000 iterations, SSE=1.399986E-004
#  x    g(x)    net(x)    net'(x)    net''(x)    A(x)
 -1.000    0.45323    0.35156    0.26511  -11.35532     -17.55799
 -0.990    0.45464    0.35364    0.14980  -11.70318     -17.55446
 -0.980    0.45498    0.35455    0.03113  -12.02753     -17.55092
 -0.970    0.45423    0.35425   -0.09067  -12.32620     -17.54737
 -0.960    0.45233    0.35272   -0.21531  -12.59707     -17.54384
 -0.950    0.44926    0.34994   -0.34251  -12.83803     -17.54032
 -0.940    0.44498    0.34587   -0.47196  -13.04701     -17.53684
 -0.930    0.43946    0.34049   -0.60333  -13.22202     -17.53341
 -0.920    0.43268    0.33380   -0.73628  -13.36110     -17.53004
 -0.910    0.42462    0.32576   -0.87043  -13.46239     -17.52674
 -0.900    0.41526    0.31638   -1.00540  -13.52413     -17.52353
 -0.890    0.40458    0.30565   -1.14077  -13.54462     -17.52041
 -0.880    0.39258    0.29357   -1.27615  -13.52232     -17.51742
 -0.870    0.37926    0.28013   -1.41107  -13.45579     -17.51455
 -0.860    0.36461    0.26535   -1.54511  -13.34372     -17.51182
 -0.850    0.34864    0.24923   -1.67779  -13.18497     -17.50925
 -0.840    0.33136    0.23180   -1.80865  -12.97854     -17.50684
 -0.830    0.31279    0.21307   -1.93720  -12.72361     -17.50461
 -0.820    0.29295    0.19307   -2.06296  -12.41952     -17.50258
 -0.810    0.27187    0.17182   -2.18543  -12.06581     -17.50076
 -0.800    0.24957    0.14937   -2.30411  -11.66223     -17.49915
 -0.790    0.22610    0.12575   -2.41850  -11.20871     -17.49777
 -0.780    0.20150    0.10102   -2.52812  -10.70539     -17.49664
 -0.770    0.17582    0.07521   -2.63245  -10.15265     -17.49576
 -0.760    0.14911    0.04839   -2.73101   -9.55107     -17.49514
 -0.750    0.12143    0.02061   -2.82331   -8.90146     -17.49479
 -0.740    0.09284   -0.00806   -2.90888   -8.20487     -17.49473
 -0.730    0.06341   -0.03754   -2.98725   -7.46258     -17.49496
 -0.720    0.03322   -0.06778   -3.05798   -6.67608     -17.49548
 -0.710    0.00234   -0.09868   -3.12063   -5.84711     -17.49631
 -0.700   -0.02914   -0.13016   -3.17479   -4.97765     -17.49746
 -0.690   -0.06113   -0.16214   -3.22006   -4.06989     -17.49892
 -0.680   -0.09355   -0.19453   -3.25607   -3.12625     -17.50070
 -0.670   -0.12629   -0.22723   -3.28247   -2.14937     -17.50281
 -0.660   -0.15927   -0.26015   -3.29896   -1.14209     -17.50525
 -0.650   -0.19237   -0.29318   -3.30522   -0.10748     -17.50801
 -0.640   -0.22549   -0.32622   -3.30102    0.95121     -17.51111
 -0.630   -0.25853   -0.35916   -3.28613    2.03055     -17.51454
 -0.620   -0.29137   -0.39190   -3.26036    3.12693     -17.51829
 -0.610   -0.32391   -0.42433   -3.22355    4.23657     -17.52237
 -0.600   -0.35603   -0.45634   -3.17559    5.35556     -17.52678
 -0.590   -0.38762   -0.48781   -3.11642    6.47984     -17.53150
 -0.580   -0.41856   -0.51863   -3.04599    7.60523     -17.53653
 -0.570   -0.44874   -0.54869   -2.96433    8.72748     -17.54187
 -0.560   -0.47805   -0.57788   -2.87147    9.84221     -17.54750
 -0.550   -0.50637   -0.60608   -2.76752   10.94502     -17.55342
 -0.540   -0.53359   -0.63319   -2.65262   12.03144     -17.55962
 -0.530   -0.55960   -0.65910   -2.52696   13.09697     -17.56608
 -0.520   -0.58429   -0.68370   -2.39077   14.13711     -17.57280
 -0.510   -0.60757   -0.70688   -2.24432   15.14739     -17.57975
 -0.500   -0.62931   -0.72855   -2.08793   16.12336     -17.58693
 -0.490   -0.64944   -0.74861   -1.92198   17.06062     -17.59432
 -0.480   -0.66785   -0.76696   -1.74687   17.95488     -17.60190
 -0.470   -0.68445   -0.78352   -1.56304   18.80190     -17.60965
 -0.460   -0.69916   -0.79819   -1.37100   19.59761     -17.61756
 -0.450   -0.71189   -0.81091   -1.17127   20.33806     -17.62561
 -0.440   -0.72258   -0.82159   -0.96443   21.01947     -17.63377
 -0.430   -0.73116   -0.83018   -0.75109   21.63822     -17.64203
 -0.420   -0.73756   -0.83660   -0.53189   22.19094     -17.65037
 -0.410   -0.74173   -0.84080   -0.30750   22.67443     -17.65876
 -0.400   -0.74362   -0.84273   -0.07864   23.08578     -17.66718
 -0.390   -0.74319   -0.84236    0.15396   23.42229     -17.67561
 -0.380   -0.74040   -0.83964    0.38955   23.68156     -17.68402
 -0.370   -0.73525   -0.83456    0.62733   23.86149     -17.69239
 -0.360   -0.72769   -0.82709    0.86651   23.96025     -17.70070
 -0.350   -0.71774   -0.81723    1.10626   23.97636     -17.70892
 -0.340   -0.70538   -0.80497    1.34575   23.90865     -17.71704
 -0.330   -0.69062   -0.79032    1.58415   23.75629     -17.72502
 -0.320   -0.67349   -0.77329    1.82060   23.51879     -17.73284
 -0.310   -0.65400   -0.75391    2.05424   23.19601     -17.74047
 -0.300   -0.63219   -0.73222    2.28423   22.78820     -17.74791
 -0.290   -0.60810   -0.70824    2.50972   22.29591     -17.75511
 -0.280   -0.58179   -0.68204    2.72987   21.72012     -17.76206
 -0.270   -0.55331   -0.65367    2.94385   21.06213     -17.76874
 -0.260   -0.52272   -0.62319    3.15085   20.32360     -17.77513
 -0.250   -0.49011   -0.59068    3.35006   19.50656     -17.78120
 -0.240   -0.45556   -0.55621    3.54072   18.61341     -17.78694
 -0.230   -0.41915   -0.51989    3.72208   17.64685     -17.79232
 -0.220   -0.38099   -0.48181    3.89343   16.60995     -17.79733
 -0.210   -0.34118   -0.44206    4.05406   15.50610     -17.80195
 -0.200   -0.29983   -0.40076    4.20334   14.33898     -17.80616
 -0.190   -0.25706   -0.35803    4.34064   13.11260     -17.80996
 -0.180   -0.21298   -0.31399    4.46541   11.83124     -17.81332
 -0.170   -0.16774   -0.26877    4.57710   10.49943     -17.81624
 -0.160   -0.12146   -0.22250    4.67524    9.12197     -17.81869
 -0.150   -0.07428   -0.17531    4.75940    7.70387     -17.82068
 -0.140   -0.02634   -0.12736    4.82920    6.25037     -17.82220
 -0.130    0.02221   -0.07878    4.88431    4.76686     -17.82323
 -0.120    0.07122   -0.02972    4.92446    3.25892     -17.82377
 -0.110    0.12054    0.01966    4.94943    1.73225     -17.82382
 -0.100    0.17003    0.06922    4.95906    0.19266     -17.82338
 -0.090    0.21953    0.11879    4.95326   -1.35394     -17.82244
 -0.080    0.26888    0.16823    4.93198   -2.90160     -17.82100
 -0.070    0.31794    0.21738    4.89524   -4.44434     -17.81907
 -0.060    0.36654    0.26609    4.84313   -5.97615     -17.81666
 -0.050    0.41454    0.31419    4.77577   -7.49107     -17.81375
 -0.040    0.46178    0.36155    4.69338   -8.98319     -17.81037
 -0.030    0.50812    0.40801    4.59621  -10.44666     -17.80653
 -0.020    0.55341    0.45343    4.48456  -11.87575     -17.80222
 -0.010    0.59752    0.49766    4.35882  -13.26486     -17.79746
  0.000    0.64030    0.54056    4.21942  -14.60855     -17.79227
  0.010    0.68162    0.58200    4.06682  -15.90155     -17.78665
  0.020    0.72136    0.62185    3.90157  -17.13883     -17.78063
  0.030    0.75939    0.65999    3.72425  -18.31557     -17.77422
  0.040    0.79559    0.69630    3.53548  -19.42719     -17.76744
  0.050    0.82986    0.73066    3.33593  -20.46942     -17.76030
  0.060    0.86209    0.76298    3.12633  -21.43827     -17.75283
  0.070    0.89219    0.79316    2.90743  -22.33007     -17.74505
  0.080    0.92007    0.82110    2.68000  -23.14146     -17.73698
  0.090    0.94565    0.84673    2.44487  -23.86947     -17.72864
  0.100    0.96885    0.86998    2.20290  -24.51146     -17.72005
  0.110    0.98962    0.89077    1.95494  -25.06516     -17.71125
  0.120    1.00789    0.90906    1.70189  -25.52872     -17.70224
  0.130    1.02363    0.92480    1.44467  -25.90064     -17.69307
  0.140    1.03679    0.93794    1.18419  -26.17983     -17.68376
  0.150    1.04736    0.94847    0.92139  -26.36563     -17.67432
  0.160    1.05530    0.95637    0.65719  -26.45774     -17.66480
  0.170    1.06060    0.96161    0.39254  -26.45630     -17.65520
  0.180    1.06328    0.96422    0.12838  -26.36183     -17.64557
  0.190    1.06334    0.96419   -0.13439  -26.17526     -17.63593
  0.200    1.06079    0.96154   -0.39483  -25.89791     -17.62630
  0.210    1.05566    0.95630   -0.65205  -25.53148     -17.61671
  0.220    1.04799    0.94851   -0.90517  -25.07803     -17.60718
  0.230    1.03782    0.93821   -1.15333  -24.54002     -17.59774
  0.240    1.02521    0.92546   -1.39569  -23.92022     -17.58842
  0.250    1.01021    0.91032   -1.63147  -23.22176     -17.57924
  0.260    0.99289    0.89286   -1.85988  -22.44806     -17.57023
  0.270    0.97333    0.87315   -2.08019  -21.60287     -17.56139
  0.280    0.95161    0.85128   -2.29171  -20.69017     -17.55277
  0.290    0.92782    0.82735   -2.49378  -19.71424     -17.54437
  0.300    0.90205    0.80144   -2.68580  -18.67958     -17.53623
  0.310    0.87441    0.77367   -2.86720  -17.59088     -17.52835
  0.320    0.84500    0.74414   -3.03745  -16.45303     -17.52076
  0.330    0.81394    0.71296   -3.19611  -15.27108     -17.51347
  0.340    0.78135    0.68025   -3.34275  -14.05022     -17.50651
  0.350    0.74733    0.64614   -3.47700  -12.79573     -17.49987
  0.360    0.71202    0.61076   -3.59857  -11.51297     -17.49359
  0.370    0.67554    0.57422   -3.70718  -10.20737     -17.48766
  0.380    0.63803    0.53666   -3.80266   -8.88438     -17.48211
  0.390    0.59961    0.49821   -3.88483   -7.54943     -17.47693
  0.400    0.56042    0.45900   -3.95362   -6.20796     -17.47215
  0.410    0.52058    0.41918   -4.00899   -4.86532     -17.46775
  0.420    0.48024    0.37887   -4.05094   -3.52679     -17.46376
  0.430    0.43953    0.33821   -4.07955   -2.19758     -17.46018
  0.440    0.39858    0.29732   -4.09494   -0.88273     -17.45700
  0.450    0.35752    0.25635   -4.09727    0.41286     -17.45423
  0.460    0.31648    0.21542   -4.08677    1.68443     -17.45187
  0.470    0.27560    0.17466   -4.06368    2.92746     -17.44992
  0.480    0.23499    0.13419   -4.02833    4.13760     -17.44838
  0.490    0.19478    0.09413   -3.98105    5.31075     -17.44724
  0.500    0.15509    0.05460   -3.92225    6.44304     -17.44650
  0.510    0.11603    0.01572   -3.85234    7.53088     -17.44614
  0.520    0.07772   -0.02241   -3.77179    8.57093     -17.44618
  0.530    0.04026   -0.05968   -3.68109    9.56014     -17.44659
  0.540    0.00374   -0.09600   -3.58076   10.49576     -17.44737
  0.550   -0.03172   -0.13126   -3.47136   11.37532     -17.44851
  0.560   -0.06604   -0.16540   -3.35345   12.19667     -17.44999
  0.570   -0.09914   -0.19831   -3.22763   12.95797     -17.45181
  0.580   -0.13094   -0.22992   -3.09450   13.65768     -17.45395
  0.590   -0.16136   -0.26018   -2.95468   14.29459     -17.45640
  0.600   -0.19034   -0.28900   -2.80882   14.86777     -17.45915
  0.610   -0.21781   -0.31633   -2.65754   15.37662     -17.46218
  0.620   -0.24373   -0.34213   -2.50150   15.82085     -17.46547
  0.630   -0.26804   -0.36635   -2.34134   16.20044     -17.46902
  0.640   -0.29072   -0.38895   -2.17771   16.51568     -17.47279
  0.650   -0.31171   -0.40989   -2.01124   16.76713     -17.47679
  0.660   -0.33100   -0.42917   -1.84257   16.95562     -17.48099
  0.670   -0.34856   -0.44674   -1.67233   17.08224     -17.48537
  0.680   -0.36439   -0.46261   -1.50113   17.14832     -17.48992
  0.690   -0.37847   -0.47676   -1.32956   17.15543     -17.49461
  0.700   -0.39080   -0.48920   -1.15821   17.10535     -17.49944
  0.710   -0.40139   -0.49993   -0.98764   17.00005     -17.50439
  0.720   -0.41025   -0.50896   -0.81839   16.84171     -17.50944
  0.730   -0.41740   -0.51630   -0.65098   16.63266     -17.51457
  0.740   -0.42286   -0.52199   -0.48590   16.37537     -17.51976
  0.750   -0.42665   -0.52603   -0.32362   16.07248     -17.52500
  0.760   -0.42882   -0.52847   -0.16459   15.72671     -17.53027
  0.770   -0.42939   -0.52933   -0.00922   15.34089     -17.53556
  0.780   -0.42842   -0.52867    0.14210   14.91794     -17.54086
  0.790   -0.42594   -0.52651    0.28902   14.46083     -17.54613
  0.800   -0.42202   -0.52290    0.43122   13.97257     -17.55138
  0.810   -0.41670   -0.51790    0.56838   13.45623     -17.55659
  0.820   -0.41004   -0.51155    0.70026   12.91485     -17.56173
  0.830   -0.40211   -0.50391    0.82661   12.35149     -17.56681
  0.840   -0.39297   -0.49504    0.94722   11.76920     -17.57181
  0.850   -0.38269   -0.48499    1.06194   11.17096     -17.57671
  0.860   -0.37133   -0.47382    1.17060   10.55975     -17.58150
  0.870   -0.35897   -0.46160    1.27310    9.93844     -17.58618
  0.880   -0.34567   -0.44838    1.36934    9.30986     -17.59073
  0.890   -0.33152   -0.43423    1.45928    8.67675     -17.59515
  0.900   -0.31659   -0.41921    1.54287    8.04175     -17.59941
  0.910   -0.30095   -0.40339    1.62012    7.40738     -17.60353
  0.920   -0.28467   -0.38683    1.69103    6.77608     -17.60748
  0.930   -0.26783   -0.36959    1.75566    6.15014     -17.61126
  0.940   -0.25051   -0.35174    1.81406    5.53174     -17.61487
  0.950   -0.23278   -0.33333    1.86632    4.92293     -17.61830
  0.960   -0.21471   -0.31443    1.91256    4.32559     -17.62153
  0.970   -0.19638   -0.29510    1.95288    3.74152     -17.62458
  0.980   -0.17784   -0.27540    1.98744    3.17231     -17.62744
  0.990   -0.15918   -0.25537    2.01638    2.61946     -17.63009
  1.000   -0.14046   -0.23509    2.03988    2.08429     -17.63254
