x	u	v
0	1	0
0.0519410888646556	0.998651061643777	-0.0519410888646556
0.102109813249092	0.994788490591203	-0.101976773445667
0.151201647397044	0.988583539542413	-0.150689882608974
0.199632190202516	0.980126176747913	-0.198390797160977
0.247653952537305	0.9694689716175	-0.245229429996109
0.29542197681083	0.956648786789581	-0.291259267052383
0.343032092034092	0.941697670587171	-0.33647532396941
0.390543775376522	0.924648286189915	-0.380837192520904
0.437994038321104	0.905536525765123	-0.424283264134733
0.485405950049862	0.884402672131061	-0.466739611041016
0.532793904245327	0.861291821452256	-0.508125584875042
0.580166887382606	0.836253941337332	-0.54835738020926
0.627530512273778	0.809343758421384	-0.587350329590882
0.674888285470222	0.780620573355251	-0.625020405214589
0.722242397999225	0.750148050293605	-0.661285223067569
0.769594219032108	0.717994001672235	-0.696064734097706
0.816944604215259	0.684230175951863	-0.729281717543253
0.864294088294531	0.648932049867776	-0.760862148171672
0.911643005473345	0.612178624172507	-0.7907354820379
0.958991564623994	0.574052221068782	-0.818834888410645
1.00633989628986	0.534638281541645	-0.845097444928764
1.05368808205988	0.494025161123668	-0.869464306455536
1.10103617292695	0.452303923030247	-0.891880854001795
1.14838420076155	0.409568127979871	-0.912296827552044
1.19573218548271	0.365913620330236	-0.930666445063546
1.24308013953985	0.321438310409186	-0.946948508949642
1.29042807071386	0.276241953107015	-0.961106500775901
1.33777598386781	0.230425922934891	-0.973108664548188
1.38512388204112	0.184092985854221	-0.982928078766448
1.43247176713344	0.137347068253406	-0.99054271730182
1.47981964033206	0.0902930234992142	-0.995935499093402
1.52716750237903	0.0430363965256584	-0.999094326633431
1.57451535373816	-0.00431681305185082	-1.00001211320289
1.62186319469932	-0.0516603887923172	-0.998686798825412
1.66921102544368	-0.098888135738856	-0.995121354920996
1.7165588460845	-0.14589411865914	-0.9893237776594
1.76390665669254	-0.192572899689626	-0.981307070034209
1.81125445731206	-0.238819774855337	-0.971089212701368
1.85860224797071	-0.284531008937765	-0.958693123649698
1.90595002868578	-0.329604068166096	-0.94414660679509
1.95329779946809	-0.373937850211092	-0.927482289614373
2.00064556032439	-0.417432910966566	-0.908737549959176
2.04799331125892	-0.459991687610305	-0.887954432214171
2.09534105227433	-0.501518717444427	-0.865179552987892
2.14268878337227	-0.541920852024523	-0.840463996547763
2.1900365045538	-0.581107466097417	-0.81386320023391
2.23738421581957	-0.618990660878975	-0.785436830108822
2.28473191716999	-0.655485461216063	-0.755248647121808
2.33207960860533	-0.690510006190432	-0.723366364088448
2.37942729012577	-0.723985732737046	-0.689861493805877
2.4267749617314	-0.755837551864985	-0.654809188644576
2.47412262342231	-0.785994017085679	-0.618288071976497
2.52147027519856	-0.814387484670687	-0.580380061817642
2.56881791706016	-0.840954265379565	-0.541170187080683
2.61616554900717	-0.865634767317507	-0.500746396849787
2.66351317103959	-0.888373629602321	-0.459199363105457
2.71086078315745	-0.909119846540933	-0.416622277341905
2.75820838536076	-0.927826882036906	-0.37311064153314
2.80555597764954	-0.944452773972339	-0.328762053916675
2.85290356002381	-0.958960228330048	-0.283675990075337
2.90025113248358	-0.971316702844904	-0.237953579808241
2.94759869502886	-0.981494479996702	-0.191697380291417
2.99494624765967	-0.989470729180867	-0.145011146036903
3.04229379037602	-0.995227557917526	-0.0979995961663053
3.08964132317792	-0.998752051984124	-0.050768179520842
3.1369888460654	-1.00003630438155	-0.00342283813473731
3.18433635903845	-0.999077433068825	0.0439302303974843
3.2316838620971	-0.995877587426605	0.0911848111267898
3.27903135524136	-0.990443943434952	0.138234909994206
3.32637883847124	-0.982788687576274	0.184974991579771
3.37372631178676	-0.972928989499505	0.231300215822593
3.42107377518792	-0.960886963506863	0.277106673181042
3.46842122867475	-0.946689618949599	0.322291617705601
3.51576867224726	-0.930368799643986	0.366753697501595
3.56311610590546	-0.911961112443477	0.410393182064855
3.61046352964936	-0.891507845127246	0.453112185980404
3.65781094347897	-0.8690548737893	0.494814888482411
3.70515834739432	-0.844652559935913	0.535407748382916
3.75250574139541	-0.818355637522191	0.574799713887268
3.79985312548226	-0.790223090181181	0.612902426825635
3.84720049965488	-0.760318018920884	0.649630420842502
3.89454786391328	-0.728707500585972	0.684901313099626
3.94189521825748	-0.695462437401671	0.718635989062447
3.98924256268749	-0.660657397937305	0.750758779955491
4.03658989720333	-0.624370449846236	0.781197632488731
4.083937221805	-0.58668298475737	0.809884270474208
4.13128453649253	-0.547679535711012	0.83675434797043
4.17863184126592	-0.507447587548582	0.861747593611025
4.2259791361252	-0.466077380681486	0.884807945793945
4.27332642107036	-0.423661708679307	0.905883678427985
4.32067369610143	-0.380295710131341	0.924927516954591
4.36802096121842	-0.336076655248331	0.941896744384704
4.41536821642134	-0.291103727683072	0.956753297112835
4.46271546171021	-0.245477802059265	0.969463850293445
4.51006269708503	-0.199301217707635	0.979999892588155
4.55740992254584	-0.152677549116831	0.988337790116137
4.60475713809262	-0.105711373613989	0.994458839464244
4.65210434372541	-0.0585080367960642	0.998349309638004
4.69945153944421	-0.0111734162380651	1.00000047285938
4.74679872524904	0.0361863159917914	0.999408624142245
4.79414590113991	0.0834649314773301	0.99657508960163
4.84149306711684	0.130556383725907	0.991506223478206
4.88884022317983	0.17735504603169	0.984213393884584
4.9361873693289	0.22375594839721	0.974712957305492
4.98353450556407	0.269655012981753	0.963026221909004
5.03088163188534	0.314949287548498	0.949179399751124
5.07822874829274	0.359537176386768	0.933203547980964
5.12557585478627	0.403318668191438	0.915134499178377
5.17292295136595	0.446195560388379	0.895012780980331
5.2202700380318	0.488071679402763	0.872883525176303
5.26761711478382	0.528853096376184	0.848796366476606
5.31496418162203	0.568448337848744	0.822805331180721
5.36231123854644	0.60676859093354	0.794968715995364
5.40965828555706	0.643727902523361	0.765348957274109
5.45700532265392	0.679243372082783	0.734012490971871
5.50435234983702	0.713235337593223	0.701029603628376
5.55169936710638	0.745627554233898	0.666474274714885
5.59904637446201	0.776347365397915	0.630424010697785
5.64639337190392	0.805325865659902	0.592959671191243
5.69374035943212	0.832498055329665	0.554165287588895
5.74108733704664	0.857802986245206	0.514127874581362
5.78843430474748	0.881183898478113	0.47293723498237
5.83578126253467	0.902588347644681	0.430685758301267
5.8831282104082	0.921968322537243	0.387468213513727
5.93047514836809	0.939280352811853	0.34338153649547
5.97782207641437	0.954485606490795	0.298524612595786
6.02516899454703	0.967549977061247	0.252998054838547
6.0725159027661	0.978444159974723	0.206903978248213
6.11986280107159	0.987143718375739	0.160345770807011
6.16720968946351	0.993629137912277	0.113427861557035
6.21455656794188	0.99788587050512	0.066255486367414
6.2619034365067	0.999904366977898	0.0189344518919247
6.309250295158	0.999680098474661	-0.0284291017535056
6.35659714389578	0.997213566616965	-0.0757289390610948
6.40394398272007	0.992510302377685	-0.122858967415315
6.45129081163086	0.985580853674106	-0.169713475056346
6.49863763062819	0.976440761708125	-0.216187368189132
6.54598443971205	0.965110526106643	-0.262176406706203
6.59333123888246	0.951615558940358	-0.307577437995551
6.64067802813945	0.935986127724086	-0.352288628309134
6.68802480748301	0.9182572875265	-0.396209691173055
6.73537157691317	0.898468802341537	-0.439242112327101
6.78271833642994	0.876665055897884	-0.481289370689123
6.83006508603332	0.852894952106578	-0.522257154848625
6.87741182572334	0.827211805370033	-0.562053574603996
6.92475855550001	0.799673220998545	-0.600589367068909
6.97210527536334	0.770340966002497	-0.637778096885608
7.01945198531334	0.739280830550089	-0.673536350096009
7.06679868535004	0.706562480401345	-0.707783921235785
7.11414537547343	0.672259300649394	-0.74044399323179
7.16149205568354	0.63644823111952	-0.771443309699332
7.20883872598038	0.599209593795176	-0.800712339252834
7.25618538636396	0.56062691265805	-0.828185431461369
7.3035320368343	0.520786726346292	-0.853800964099254
7.35087867739141	0.479778394051097	-0.877501481361446
7.3982253080353	0.43769389508702	-0.899233822733742
7.44557192876598	0.394627622585594	-0.918949242228731
7.49291853958348	0.350676171774981	-0.936603517720075
7.5402651404878	0.305938123320556	-0.95215705012989
7.58761173147895	0.260513822212369	-0.965574952246779
7.63495831255696	0.214505152695451	-0.976827126975293
7.68230488372183	0.168015309747783	-0.985888334841336
7.72965144497358	0.121148567618489	-0.992738250602112
7.77699799631222	0.0740100459454324	-0.997361508833644
7.82434453773776	0.0267054739767828	-0.999747738393634
7.87169106925022	-0.02065904657459	-0.999891585682371
7.91903759084961	-0.0679772795119923	-0.997792726649538
7.96638410253594	-0.115143092437274	-0.993455867519978
8.01373060430924	-0.162050694800233	-0.986890734236824
8.0610770961695	-0.208594875181118	-0.978112050645673
8.10842357811675	-0.254671237274033	-0.967139505468741
8.155770050151	-0.300176434041927	-0.953997708143109
8.20311651227227	-0.345008399517994	-0.938716133622095
8.25046296448055	-0.389066577733555	-0.921329056263591
8.29780940677588	-0.432252148258958	-0.901875472953656
8.34515583915826	-0.474468247851625	-0.880399015637797
8.3925022616277	-0.515620187714108	-0.856947853456159
8.43984867418423	-0.555615665874854	-0.831574584702103
8.48719507682785	-0.594364974215339	-0.804336118846555
8.53454146955857	-0.631781199679221	-0.775293548892715
8.58188785237642	-0.667780419212214	-0.74451201434745
8.6292342252814	-0.702281887995464	-0.712060555116733
8.67658058827352	-0.735208220550232	-0.67801195665283
8.72392694135281	-0.766485564307678	-0.642442586700569
8.77127328451927	-0.79604376525447	-0.605432224008873
8.81861961777292	-0.823816525282665	-0.567063879391759
8.86596594111377	-0.849741550890981	-0.527423609540135
8.91331225454183	-0.873760692903902	-0.486600324002041
8.96065855805712	-0.895820076895288	-0.444685585764247
9.00800485165965	-0.915870224023928	-0.401773405882505
9.05535113534944	-0.933866162010058	-0.357960032621096
9.1026974091265	-0.949767526003913	-0.313343735574606
9.15004367299084	-0.963538649120098	-0.268024585256156
9.19738992694247	-0.975148642434727	-0.222104228646438
9.24473617098142	-0.984571464265905	-0.175685661207
9.29208240510768	-0.991785978582182	-0.128872995869138
9.33942862932128	-0.996776002407983	-0.081771229516534
9.38677484362223	-0.999530342119692	-0.034486007485406
9.43412104801055	-1.00004281855101	0.0128766133896197
9.48146724248624	-0.998312280851246	0.0602104026524455
9.52881342704932	-0.994342609065565	0.107409194491707
9.5761596016998	-0.988142705431276	0.154367125861838
9.6235057664377	-0.979726474409823	0.200978873924903
9.67085192126303	-0.969112791499215	0.247139892280645
9.71819806617581	-0.956325460896856	0.292746645454899
9.76554420117604	-0.941393162107774	0.337696841120441
9.81289032626374	-0.924349385617985	0.38188965952942
9.86023644143893	-0.905232357777301	0.425225979642779
9.90758254670162	-0.884084955060067	0.467608601449489
9.95492864205181	-0.860954607896146	0.508942463976946
10	-0.837141396576798	0.547229917476993
